41	3305	0.169
41	4817	0.341
41	16576	0.15
53	9480	0.004
53	19705	0.544
55	11742	0.318
62	2788	0.072
71	14534	0.006
78	1014	0.259
80	10805	0.048
83	1270	0.189
83	6104	0.077
87	865	0.002
87	2176	0.001
87	2178	0.001
87	2179	0.001
87	2180	0.001
87	4777	0.003
87	7027	0.002
87	7226	0.002
87	8155	0.001
87	8801	0.001
87	13641	0.001
87	14748	0.003
87	16677	0.002
95	211	0.001
95	836	0.001
98	2906	0.176
100	765	0.218
104	6181	0.004
104	7547	0.001
104	14881	0.004
112	6298	0.154
117	1890	0.18
136	2788	0.285
162	2921	0.001
162	4013	0.003
162	11110	0.013
163	3491	0.012
163	7111	0.004
175	8204	0.043
179	8958	0.029
179	19733	0.056
184	5145	0.181
190	2443	0.022
190	14908	0.015
192	4071	0.004
192	11156	0.003
197	670	0.002
197	2286	0.001
197	4671	0.004
197	5912	0.003
197	11982	0.004
198	11927	0.005
208	2000	0.003
208	2286	0.001
208	4671	0.005
208	5912	0.003
208	11982	0.005
211	95	0.001
211	413	0.001
211	1421	0.001
211	7518	0.001
211	12009	0.001
211	17060	0.001
211	18911	0.001
211	19532	0.003
214	17551	0.252
221	409	0.003
221	3680	0.006
221	4634	0.001
221	5586	0.001
221	6297	0.003
221	10029	0.005
235	821	0.002
235	1709	0.005
235	2095	0.001
235	3528	0.002
235	4893	0.004
235	6786	0.003
235	7547	0.004
235	9247	0.027
237	409	0.004
237	3356	0.002
237	3680	0.005
237	6297	0.005
237	10029	0.005
237	17340	0.002
250	8670	0.007
250	11805	0.005
250	14205	0.002
250	15204	0.002
261	1229	0.002
268	2655	0.039
268	5740	0.022
272	15955	0.223
306	6067	0.344
310	1037	0.002
310	3797	0.003
310	16361	0.008
317	3720	0.202
317	7079	0.109
341	12224	0.003
349	3445	0.193
349	5007	0.219
349	14264	0.101
360	2649	0.198
360	5566	0.229
361	874	0.578
386	3611	0.411
386	14399	0.319
387	1780	0.245
387	3068	0.52
387	3652	0.725
387	6054	0.018
387	6303	0.237
387	11182	0.018
398	674	0.021
398	7151	0.006
398	17963	0.009
402	1585	0.261
409	221	0.003
409	237	0.004
409	629	0.007
409	667	0.008
409	942	0.002
409	1292	0.001
409	1425	0.005
409	2065	0.002
409	2145	0.001
409	3324	0.005
409	4032	0.001
409	4933	0.001
409	5584	0.001
409	6889	0.005
409	8133	0.008
409	9318	0.003
409	12477	0.002
409	14082	0.002
409	15138	0.003
409	15554	0.002
409	17577	0.003
409	18455	0.002
409	18748	0.004
412	12513	0.244
413	211	0.001
413	836	0.001
413	4518	0.003
413	6424	0.002
413	20030	0.002
432	13679	0.071
438	9121	0.002
440	674	0.183
440	1480	0.003
440	7151	0.019
440	17963	0.076
441	674	0.204
441	1480	0.003
441	7151	0.022
441	17963	0.079
442	3324	0.001
442	18748	0.001
449	6181	0.002
449	11606	0.001
449	14881	0.002
449	18367	0.002
451	2363	0.001
451	5605	0.001
451	12975	0.001
451	17671	0.003
454	4863	0.385
462	607	0.191
462	1564	0.191
462	12676	0.631
464	2226	0.261
470	674	0.181
470	1480	0.004
470	7151	0.024
470	17963	0.071
493	1717	0.006
493	1875	0.002
493	2013	0.005
493	2677	0.166
493	5057	0.001
493	7331	0.003
493	7862	0.005
493	8880	0.252
493	10007	0.003
493	11288	0.003
493	11582	0.003
493	12254	0.002
493	12976	0.001
493	14222	0.244
493	16903	0.011
493	17904	0.003
501	849	0.186
501	11497	0.155
505	6180	0.007
505	6463	0.023
505	8101	0.022
505	9690	0.001
505	11114	0.017
505	11772	0.012
505	15586	0.013
505	16401	0.071
506	649	0.18
532	4339	0.014
537	19110	0.311
538	6870	0.002
543	2474	0.115
550	992	0.072
558	6104	0.06
564	8474	0.375
567	1221	0.386
569	2006	0.627
572	9156	0.002
577	4072	0.005
587	17963	0.362
598	18502	0.538
607	462	0.191
609	4383	0.002
610	4383	0.002
612	13376	0.19
629	409	0.007
629	3680	0.021
629	6297	0.009
629	8865	0.001
629	10029	0.019
640	2833	0.138
649	506	0.18
649	1274	0.243
649	4584	0.157
667	409	0.008
667	3680	0.026
667	6297	0.01
667	8865	0.001
667	10029	0.023
670	197	0.002
670	5330	0.002
670	9156	0.002
670	10640	0.002
670	12082	0.002
670	13077	0.002
670	13369	0.002
670	14217	0.002
670	14307	0.002
670	15458	0.002
674	398	0.021
674	440	0.183
674	441	0.204
674	470	0.181
674	2199	0.353
674	4729	0.013
674	4787	0.153
674	4788	0.08
674	5167	0.387
674	5210	0.204
674	6751	0.278
674	8909	0.053
674	9068	0.183
674	10525	0.058
674	10756	0.122
674	11380	0.087
674	11923	0.232
674	12728	0.141
674	12821	0.249
674	13081	0.205
674	13335	0.059
674	13850	0.122
674	13851	0.207
674	15008	0.249
674	15145	0.126
674	15226	0.353
674	16545	0.185
674	19550	0.165
674	19589	0.209
674	19594	0.192
681	19034	0.725
693	14193	0.364
695	3295	0.508
702	3085	0.001
702	15369	0.001
709	2474	0.181
715	7581	0.097
715	11475	0.342
724	2128	0.23
740	3491	0.05
740	7111	0.022
740	8245	0.002
742	1607	0.005
742	3616	0.003
742	19444	0.004
746	6530	0.645
748	1221	0.25
763	14195	0.602
765	100	0.218
767	2397	0.02
767	9445	0.006
768	2138	0.028
773	7642	0.033
773	12547	0.031
773	15825	0.036
774	5194	0.434
778	18562	0.028
792	16464	0.322
821	235	0.002
821	4383	0.005
824	2084	0.63
824	11307	0.723
831	2802	0.031
831	4496	0.026
831	18816	0.018
834	7002	0.542
836	95	0.001
836	413	0.001
836	1421	0.001
836	1980	0.001
836	7518	0.001
836	15536	0.001
836	17060	0.001
836	18911	0.001
836	19312	0.001
836	19532	0.003
849	501	0.186
849	3921	0.156
854	19455	0.615
858	16980	0.645
865	87	0.002
865	1062	0.028
865	1760	0.003
865	9178	0.002
865	12278	0.002
865	16645	0.017
874	361	0.578
884	1037	0.002
884	3797	0.003
884	16361	0.008
895	4874	0.205
895	12034	0.01
914	4582	0.003
914	5979	0.002
914	18275	0.005
929	3491	0.006
942	409	0.002
942	3680	0.005
942	4634	0.001
942	5586	0.001
942	6297	0.003
942	10029	0.004
960	5036	0.05
976	4383	0.004
992	550	0.072
992	17075	0.184
992	18742	0.102
997	15955	0.168
1012	2164	0.122
1014	78	0.259
1036	2802	0.063
1036	4496	0.054
1036	18816	0.037
1037	310	0.002
1037	884	0.002
1037	1432	0.001
1037	4766	0.001
1037	6510	0.001
1037	8173	0.002
1037	11570	0.002
1037	13538	0.001
1039	11550	0.005
1046	5044	0.704
1060	6180	0.009
1062	865	0.028
1062	2175	0.02
1062	2176	0.019
1062	2180	0.022
1062	4777	0.025
1062	7027	0.026
1062	7226	0.027
1062	8801	0.019
1062	16677	0.029
1068	2027	0.159
1103	6324	0.369
1104	8851	0.006
1105	2474	0.126
1111	1788	0.883
1116	16610	0.077
1116	20376	0.081
1118	1396	0.041
1154	2433	0.551
1157	9121	0.002
1172	2252	0.133
1189	19455	0.613
1194	7513	0.011
1194	9450	0.006
1194	13035	0.004
1197	18791	0.669
1198	9445	0.001
1198	16401	0.008
1204	12052	0.162
1207	4496	0.058
1207	11376	0.073
1221	567	0.386
1221	748	0.25
1221	4334	0.212
1221	7652	0.213
1221	13821	0.133
1221	14238	0.172
1229	261	0.002
1247	2114	0.334
1260	6180	0.025
1260	6463	0.004
1260	8101	0.003
1260	11114	0.003
1260	11772	0.002
1260	15586	0.002
1260	16401	0.012
1263	6139	0.179
1263	6559	0.091
1268	6191	0.723
1270	83	0.189
1270	6104	0.278
1270	7268	0.63
1270	18153	0.16
1274	649	0.243
1274	13316	0.406
1280	16522	0.441
1280	19743	0.441
1281	18912	0.581
1292	409	0.001
1292	3680	0.002
1292	6297	0.002
1292	10029	0.002
1308	2286	0.001
1308	4671	0.004
1308	5912	0.003
1308	10449	0.002
1308	11982	0.004
1313	16542	0.143
1317	9121	0.002
1318	4211	0.001
1318	8465	0.001
1318	9121	0.003
1330	1425	0.001
1330	3324	0.001
1330	18748	0.001
1333	18366	0.001
1335	11544	0.011
1372	3177	0.001
1372	12181	0.003
1372	14563	0.003
1372	16628	0.003
1372	16953	0.003
1378	11854	0.52
1381	4604	0.632
1396	1118	0.041
1401	1717	0.001
1401	2013	0.001
1401	7862	0.001
1401	10007	0.003
1401	11582	0.001
1401	12254	0.001
1401	16422	0.001
1421	211	0.001
1421	836	0.001
1421	4916	0.003
1421	6428	0.003
1424	6423	0.121
1425	409	0.005
1425	1330	0.001
1425	1622	0.001
1425	3680	0.015
1425	6286	0.001
1425	6297	0.007
1425	10029	0.013
1431	9247	0.002
1432	1037	0.001
1432	3797	0.002
1432	16361	0.005
1434	9983	0.095
1443	8790	0.025
1444	19023	0.001
1473	2363	0.001
1473	5605	0.001
1473	12975	0.001
1473	17671	0.004
1480	440	0.003
1480	441	0.003
1480	470	0.004
1480	2199	0.006
1480	4787	0.002
1480	4788	0.001
1480	5167	0.01
1480	5210	0.006
1480	6751	0.006
1480	8909	0.002
1480	9068	0.003
1480	10525	0.001
1480	10756	0.002
1480	11380	0.003
1480	11923	0.005
1480	12728	0.001
1480	12821	0.006
1480	13081	0.003
1480	13335	0.002
1480	13850	0.002
1480	13851	0.005
1480	15008	0.006
1480	15145	0.002
1480	15226	0.01
1480	16545	0.002
1480	19550	0.002
1480	19589	0.003
1480	19594	0.004
1497	17839	0.013
1510	15681	0.2
1512	3119	0.433
1514	4541	0.651
1514	18500	0.227
1560	6944	0.198
1564	462	0.191
1570	4496	0.006
1570	6463	0.006
1570	8101	0.01
1570	11114	0.004
1570	11772	0.01
1570	15586	0.014
1570	16401	0.02
1579	10555	0.047
1579	16309	0.045
1579	18436	0.381
1585	402	0.261
1585	19367	0.237
1586	2093	0.001
1586	7847	0.002
1586	18423	0.002
1607	742	0.005
1607	2095	0.014
1613	9592	0.511
1622	1425	0.001
1622	3324	0.001
1622	18748	0.001
1649	1687	0.15
1651	3374	0.001
1651	4211	0.001
1651	8465	0.001
1651	9121	0.002
1651	11781	0.001
1651	14870	0.001
1651	18330	0.001
1661	16311	0.21
1662	11420	0.5
1669	10963	0.006
1676	4671	0.029
1676	5912	0.022
1676	10449	0.013
1676	11982	0.029
1687	1649	0.15
1687	2489	0.094
1709	235	0.005
1709	2331	0.001
1709	4383	0.013
1717	493	0.006
1717	1401	0.001
1717	2013	0.009
1717	3422	0.001
1717	10007	0.002
1717	11288	0.002
1717	11582	0.008
1717	12908	0.001
1717	12976	0.003
1717	13875	0.002
1717	14303	0.001
1717	14871	0.001
1717	16422	0.003
1717	16903	0.013
1717	17098	0.001
1721	3354	0.37
1721	4522	0.369
1723	6423	0.234
1760	865	0.003
1760	2176	0.001
1760	2178	0.002
1760	2179	0.002
1760	2180	0.001
1760	4777	0.003
1760	7027	0.003
1760	7226	0.003
1760	8155	0.001
1760	8801	0.002
1760	13641	0.001
1760	14748	0.003
1760	16677	0.002
1765	3354	0.073
1765	4522	0.072
1773	16421	0.289
1780	387	0.245
1780	3068	0.273
1788	1111	0.883
1809	10282	0.165
1817	14116	0.015
1817	19946	0.015
1825	13368	0.002
1827	4496	0.004
1827	11376	0.007
1835	17151	0.203
1853	9307	0.003
1869	3195	0.107
1869	4970	0.151
1871	2663	0.174
1871	2749	0.198
1871	17613	0.152
1875	493	0.002
1875	2956	0.005
1875	4939	0.006
1875	5057	0.001
1875	5200	0.012
1875	5950	0.003
1875	7331	0.005
1875	7862	0.016
1875	10007	0.002
1875	11288	0.007
1875	11582	0.01
1875	12030	0.001
1875	12908	0.003
1875	12976	0.005
1875	13875	0.004
1875	14303	0.001
1875	16422	0.007
1875	16903	0.006
1875	17098	0.002
1875	17173	0.012
1875	17904	0.006
1875	18512	0.001
1884	9121	0.001
1890	117	0.18
1913	2027	0.158
1923	4671	0.001
1923	5912	0.001
1923	11982	0.001
1936	13413	0.212
1954	4582	0.004
1954	5979	0.003
1954	18275	0.008
1960	6439	0.24
1960	10767	0.308
1968	14399	0.164
1970	8197	0.697
1977	18077	0.058
1980	836	0.001
1980	4518	0.003
1980	6424	0.002
1980	20030	0.002
1995	3556	0.028
2000	208	0.003
2000	6181	0.012
2000	7618	0.003
2000	9247	0.001
2000	14881	0.013
2000	20425	0.003
2006	569	0.627
2006	10679	0.32
2013	493	0.005
2013	1401	0.001
2013	1717	0.009
2013	2956	0.006
2013	3422	0.001
2013	4120	0.001
2013	4670	0.001
2013	4939	0.006
2013	5057	0.001
2013	5200	0.003
2013	5950	0.003
2013	7862	0.101
2013	10007	0.01
2013	11288	0.004
2013	11582	0.096
2013	11907	0.001
2013	12908	0.001
2013	12976	0.001
2013	13875	0.002
2013	14303	0.001
2013	14871	0.002
2013	14909	0.002
2013	16903	0.02
2013	17173	0.002
2013	18512	0.001
2027	1068	0.159
2027	1913	0.158
2027	8512	0.135
2040	5979	0.002
2040	18275	0.005
2041	3798	0.003
2048	3644	0.177
2048	11206	0.161
2060	11528	0.024
2065	409	0.002
2065	3680	0.003
2065	5853	0.005
2065	6297	0.002
2065	10029	0.002
2066	2839	0.035
2084	824	0.63
2088	6195	0.001
2093	1586	0.001
2093	14076	0.001
2095	235	0.001
2095	1607	0.014
2101	6946	0.006
2103	3326	0.445
2105	12006	0.164
2114	1247	0.334
2117	2397	0.014
2117	9445	0.007
2128	724	0.23
2138	768	0.028
2138	2229	0.041
2138	2362	0.026
2138	6153	0.051
2138	6195	0.049
2143	5041	0.664
2145	409	0.001
2145	3680	0.001
2145	6297	0.002
2145	10029	0.001
2148	17151	0.198
2153	4582	0.003
2153	5979	0.002
2153	18275	0.006
2156	18562	0.026
2164	1012	0.122
2164	14869	0.166
2164	19383	0.296
2164	19418	0.277
2165	3556	0.034
2167	2608	0.029
2175	1062	0.02
2176	87	0.001
2176	1062	0.019
2176	1760	0.001
2176	9178	0.001
2176	12278	0.001
2176	16645	0.008
2178	87	0.001
2178	1760	0.002
2178	9178	0.001
2178	12278	0.001
2178	16645	0.012
2179	87	0.001
2179	1760	0.002
2179	9178	0.001
2179	12278	0.001
2179	16645	0.011
2180	87	0.001
2180	1062	0.022
2180	1760	0.001
2180	9178	0.001
2180	12278	0.001
2180	16645	0.008
2181	4671	0.003
2181	5912	0.002
2181	11982	0.003
2199	674	0.353
2199	1480	0.006
2199	7151	0.028
2199	17963	0.164
2226	464	0.261
2229	2138	0.041
2252	1172	0.133
2252	3667	0.275
2254	2623	0.342
2268	12377	0.213
2269	2802	0.013
2269	4496	0.246
2269	18816	0.009
2271	2397	0.009
2271	9445	0.004
2271	11442	0.016
2271	17726	0.001
2280	4383	0.005
2286	197	0.001
2286	208	0.001
2286	1308	0.001
2286	7618	0.001
2286	10640	0.001
2286	12081	0.001
2286	12082	0.001
2286	12813	0.001
2286	20425	0.001
2313	2692	0.411
2317	5524	0.71
2329	18166	0.025
2329	19166	0.026
2331	1709	0.001
2331	3528	0.001
2332	2581	0.002
2347	4380	0.04
2347	6954	0.037
2347	11160	0.009
2362	2138	0.026
2363	451	0.001
2363	1473	0.001
2363	6135	0.002
2363	6771	0.001
2363	13385	0.001
2363	14234	0.002
2363	17209	0.001
2363	19997	0.001
2371	4007	0.19
2383	5750	0.829
2383	10653	0.037
2383	10704	0.472
2383	12107	0.444
2394	3740	0.235
2396	3122	0.341
2397	767	0.02
2397	2117	0.014
2397	2271	0.009
2397	8698	0.017
2397	9445	0.002
2397	11442	0.004
2397	17726	0.001
2403	5884	0.036
2419	3556	0.026
2424	5425	0.023
2424	13356	0.022
2424	18141	0.013
2433	1154	0.551
2434	14855	0.293
2441	13184	0.178
2441	13717	0.209
2443	190	0.022
2448	11528	0.001
2457	15955	0.221
2462	3085	0.003
2462	5013	0.001
2462	6028	0.002
2462	11122	0.003
2462	15369	0.002
2462	16259	0.003
2462	16439	0.003
2474	543	0.115
2474	709	0.181
2474	1105	0.126
2474	14526	0.112
2474	14528	0.127
2474	16934	0.094
2480	5405	0.367
2489	1687	0.094
2535	11327	0.714
2564	12392	0.273
2581	2332	0.002
2585	2882	0.074
2585	4034	0.035
2585	7176	0.195
2585	11739	0.022
2585	13234	0.097
2585	15156	0.026
2585	20015	0.095
2596	13413	0.372
2608	2167	0.029
2608	11283	0.017
2623	2254	0.342
2623	7711	0.539
2648	4970	0.329
2649	360	0.198
2655	268	0.039
2663	1871	0.174
2663	3860	0.177
2663	17876	0.172
2677	493	0.166
2677	3615	0.171
2684	13967	0.158
2692	2313	0.411
2692	13808	0.782
2700	8123	0.134
2735	14534	0.007
2741	12905	0.204
2749	1871	0.198
2749	3860	0.198
2749	17613	0.159
2749	17876	0.195
2751	12905	0.307
2755	14119	0.503
2768	8519	0.733
2769	4383	0.003
2771	3611	0.031
2786	4383	0.002
2788	62	0.072
2788	136	0.285
2788	5604	0.273
2788	6104	0.009
2788	7854	0.004
2788	8519	0.64
2788	9158	0.022
2789	6176	0.004
2802	831	0.031
2802	1036	0.063
2802	2269	0.013
2802	3567	0.032
2802	3650	0.005
2802	6070	0.013
2802	6685	0.024
2802	7620	0.063
2802	8247	0.032
2802	9189	0.022
2814	3885	0.001
2815	6413	0.281
2816	6181	0.001
2816	7547	0.007
2816	14881	0.001
2831	11552	0.018
2833	640	0.138
2833	3400	0.094
2833	3509	0.126
2833	9616	0.499
2833	16964	0.137
2839	2066	0.035
2882	2585	0.074
2882	12266	0.049
2887	4339	0.215
2906	98	0.176
2906	13454	0.193
2921	162	0.001
2921	3258	0.001
2921	4381	0.001
2921	6141	0.001
2923	13924	0.002
2946	11552	0.025
2956	1875	0.005
2956	2013	0.006
2956	7331	0.013
2956	7862	0.009
2956	13875	0.001
2956	14871	0.001
2956	16422	0.003
2956	16903	0.004
2956	17098	0.001
2956	17904	0.011
2958	15698	0.053
2965	16509	0.275
2969	3680	0.001
2969	10029	0.001
2976	6527	0.3
3011	12184	0.552
3016	17712	0.124
3022	5425	0.014
3022	13356	0.016
3028	15955	0.449
3028	16903	0.604
3031	10155	0.001
3039	13080	0.191
3044	4873	0.008
3044	5496	0.01
3049	5900	0.014
3050	5304	0.015
3050	5585	0.045
3051	12404	0.521
3063	3167	0.13
3067	19246	0.2
3068	387	0.52
3068	1780	0.273
3068	6303	0.263
3077	11572	0.364
3083	7768	0.005
3083	17333	0.084
3083	18841	0.004
3083	20433	0.003
3085	702	0.001
3085	2462	0.003
3115	17043	0.002
3119	1512	0.433
3121	11206	0.013
3122	2396	0.341
3124	16464	0.166
3138	12392	0.226
3167	3063	0.13
3177	1372	0.001
3188	18270	0.008
3188	19673	0.003
3189	8964	0.509
3195	1869	0.107
3202	11824	0.009
3205	3774	0.188
3206	14428	0.323
3215	11927	0.004
3221	5425	0.025
3221	13356	0.023
3221	18141	0.012
3222	6314	0.442
3225	3936	0.098
3226	9547	0.42
3229	11433	0.243
3258	2921	0.001
3258	4013	0.002
3258	11110	0.011
3258	11917	0.001
3275	10162	0.317
3289	4496	0.048
3289	11376	0.066
3295	695	0.508
3305	41	0.169
3312	13376	0.361
3319	7847	0.001
3324	409	0.005
3324	442	0.001
3324	1330	0.001
3324	1622	0.001
3324	3356	0.003
3324	3680	0.007
3324	5584	0.001
3324	6208	0.001
3324	6286	0.001
3324	6297	0.006
3324	10029	0.007
3324	11867	0.001
3324	17340	0.002
3325	8519	0.556
3326	2103	0.445
3335	6300	0.139
3345	3644	0.132
3345	11206	0.12
3354	1721	0.37
3354	1765	0.073
3354	4509	0.066
3354	7634	0.657
3354	9722	0.663
3354	13464	0.206
3354	17897	0.222
3356	237	0.002
3356	3324	0.003
3356	18748	0.003
3373	11744	0.442
3374	1651	0.001
3374	4851	0.001
3374	6178	0.002
3374	12273	0.001
3374	16107	0.001
3374	18340	0.002
3385	19372	0.008
3389	9839	0.646
3389	17745	0.258
3400	2833	0.094
3400	9616	0.096
3422	1717	0.001
3422	2013	0.001
3422	6042	0.001
3422	7521	0.004
3422	7862	0.004
3422	12254	0.002
3445	349	0.193
3445	3944	0.227
3445	9051	0.105
3458	8256	0.294
3465	4256	0.006
3488	13359	0.209
3488	19735	0.208
3488	19845	0.184
3491	163	0.012
3491	740	0.05
3491	929	0.006
3491	15114	0.009
3491	18737	0.026
3509	2833	0.126
3523	8054	0.038
3528	235	0.002
3528	2331	0.001
3528	4383	0.01
3543	4403	0.163
3554	12579	0.165
3554	16710	0.166
3554	20387	0.165
3556	1995	0.028
3556	2165	0.034
3556	2419	0.026
3556	4031	0.001
3556	4873	0.026
3556	5496	0.022
3556	12073	0.024
3567	2802	0.032
3567	4496	0.874
3567	18816	0.038
3597	8985	0.004
3597	19059	0.062
3597	19417	0.181
3597	20367	0.33
3604	3680	0.001
3604	10029	0.001
3611	386	0.411
3611	2771	0.031
3615	2677	0.171
3616	742	0.003
3616	7547	0.008
3616	9247	0.002
3629	9753	0.345
3629	14208	0.416
3632	4752	0.002
3640	14428	0.34
3640	16562	0.001
3644	2048	0.177
3644	3345	0.132
3644	11206	0.492
3650	2802	0.005
3650	4496	0.004
3650	18816	0.003
3652	387	0.725
3652	14020	0.736
3667	2252	0.275
3680	221	0.006
3680	237	0.005
3680	629	0.021
3680	667	0.026
3680	942	0.005
3680	1292	0.002
3680	1425	0.015
3680	2065	0.003
3680	2145	0.001
3680	2969	0.001
3680	3324	0.007
3680	3604	0.001
3680	4032	0.001
3680	4305	0.003
3680	4710	0.001
3680	5584	0.001
3680	5753	0.001
3680	6627	0.001
3680	6889	0.008
3680	8133	0.028
3680	9318	0.005
3680	10950	0.001
3680	14082	0.003
3680	15138	0.007
3680	15554	0.006
3680	16628	0.001
3680	16651	0.002
3680	16895	0.001
3680	17577	0.005
3680	17693	0.001
3680	18455	0.004
3680	18748	0.006
3714	18614	0.158
3720	317	0.202
3720	16342	0.152
3730	16610	0.304
3730	20376	0.323
3734	6180	0.014
3735	13327	0.196
3739	20122	0.236
3740	2394	0.235
3740	4129	0.159
3740	12866	0.174
3750	8722	0.403
3767	18205	0.581
3770	8054	0.047
3774	3205	0.188
3778	11889	0.585
3786	17963	0.198
3797	310	0.003
3797	884	0.003
3797	1432	0.002
3797	4766	0.002
3797	6510	0.002
3797	8173	0.003
3797	11570	0.003
3797	13538	0.002
3798	2041	0.003
3809	12789	0.622
3845	14909	0.654
3860	2663	0.177
3860	2749	0.198
3860	17257	0.541
3878	7067	0.002
3885	2814	0.001
3885	4752	0.001
3885	13508	0.001
3890	18942	0.033
3905	4383	0.006
3906	4647	0.002
3908	9983	0.096
3913	16959	0.291
3921	849	0.156
3933	17261	0.28
3936	3225	0.098
3936	5506	0.088
3936	6228	0.107
3944	3445	0.227
3944	5007	0.258
3944	14264	0.129
3979	10498	0.163
3979	14671	0.163
3996	5934	0.608
4000	4496	0.097
4000	11376	0.101
4007	2371	0.19
4013	162	0.003
4013	3258	0.002
4013	4381	0.003
4013	5112	0.003
4013	6141	0.003
4031	3556	0.001
4031	11927	0.007
4031	15095	0.004
4032	409	0.001
4032	3680	0.001
4032	6297	0.001
4032	10029	0.001
4034	2585	0.035
4034	12266	0.019
4035	7079	0.094
4040	14504	0.279
4048	9345	0.173
4048	11632	0.196
4048	18274	0.088
4048	18740	0.183
4071	192	0.004
4071	20030	0.001
4072	577	0.005
4086	5780	0.247
4120	2013	0.001
4120	7331	0.002
4120	7862	0.001
4120	11582	0.001
4120	17904	0.002
4129	3740	0.159
4211	1318	0.001
4211	1651	0.001
4211	6178	0.002
4211	18340	0.002
4226	11684	0.42
4230	6180	0.028
4256	3465	0.006
4305	3680	0.003
4305	5853	0.005
4305	10029	0.002
4325	9308	0.001
4334	1221	0.212
4334	15881	0.008
4334	18837	0.004
4339	532	0.014
4339	2887	0.215
4339	5982	0.006
4339	7506	0.003
4339	14627	0.006
4339	17193	0.008
4356	13490	0.017
4370	5370	0.003
4374	5148	0.113
4376	7079	0.035
4380	2347	0.04
4380	6268	0.052
4381	2921	0.001
4381	4013	0.003
4381	11110	0.011
4383	609	0.002
4383	610	0.002
4383	821	0.005
4383	976	0.004
4383	1709	0.013
4383	2280	0.005
4383	2769	0.003
4383	2786	0.002
4383	3528	0.01
4383	3905	0.006
4383	4871	0.005
4383	4893	0.01
4383	5169	0.001
4383	5660	0.005
4383	6786	0.006
4383	7346	0.001
4383	9241	0.002
4383	11783	0.001
4383	11974	0.005
4383	11994	0.001
4383	12167	0.001
4383	14379	0.002
4383	14380	0.002
4383	14685	0.006
4383	17950	0.006
4391	19833	0.576
4392	5882	0.505
4396	18874	0.006
4403	3543	0.163
4411	5425	0.012
4411	13356	0.012
4411	18141	0.004
4451	7294	0.254
4457	9496	0.007
4485	17747	0.192
4496	831	0.026
4496	1036	0.054
4496	1207	0.058
4496	1570	0.006
4496	1827	0.004
4496	2269	0.246
4496	3289	0.048
4496	3567	0.874
4496	3650	0.004
4496	4000	0.097
4496	5099	0.048
4496	5309	0.006
4496	6070	0.011
4496	6126	0.046
4496	6685	0.02
4496	6976	0.04
4496	7298	0.018
4496	7407	0.05
4496	7620	0.053
4496	8247	0.027
4496	9189	0.696
4496	11323	0.005
4496	11446	0.068
4496	12549	0.004
4496	13962	0.006
4496	14239	0.047
4504	11528	0.001
4504	12531	0.012
4509	3354	0.066
4509	4522	0.064
4518	413	0.003
4518	1980	0.003
4518	7518	0.003
4520	8958	0.232
4520	19733	0.418
4522	1721	0.369
4522	1765	0.072
4522	4509	0.064
4522	7634	0.629
4522	9722	0.638
4522	13464	0.211
4522	17897	0.224
4523	5330	0.002
4523	7618	0.002
4523	9156	0.002
4523	12082	0.002
4523	13077	0.002
4523	13369	0.002
4523	14217	0.002
4523	14307	0.002
4523	15458	0.002
4537	5082	0.648
4541	1514	0.651
4549	13295	0.005
4550	11882	0.554
4574	4858	0.149
4574	6053	0.159
4575	7711	0.327
4575	11723	0.391
4579	5740	0.046
4582	914	0.003
4582	1954	0.004
4582	2153	0.003
4582	18933	0.203
4582	18956	0.003
4584	649	0.157
4604	1381	0.632
4605	6324	0.36
4610	7442	0.445
4623	5884	0.07
4623	11253	0.089
4629	9166	0.152
4634	221	0.001
4634	942	0.001
4634	14082	0.001
4635	7347	0.295
4642	4702	0.619
4642	5392	0.52
4647	3906	0.002
4659	14150	0.241
4670	2013	0.001
4670	7862	0.002
4670	11582	0.001
4670	16903	0.001
4671	197	0.004
4671	208	0.005
4671	1308	0.004
4671	1676	0.029
4671	1923	0.001
4671	2181	0.003
4671	5330	0.004
4671	7618	0.005
4671	8244	0.004
4671	8640	0.004
4671	9156	0.003
4671	10640	0.005
4671	12081	0.005
4671	12082	0.005
4671	12813	0.005
4671	13077	0.003
4671	13369	0.004
4671	14217	0.004
4671	14307	0.004
4671	15458	0.003
4671	20425	0.004
4702	4642	0.619
4710	3680	0.001
4710	5745	0.001
4710	10029	0.001
4729	674	0.013
4729	7151	0.001
4729	17963	0.01
4746	11307	0.374
4752	3632	0.002
4752	3885	0.001
4762	5425	0.017
4762	13356	0.016
4762	18141	0.007
4766	1037	0.001
4766	3797	0.002
4766	16361	0.005
4769	4874	0.242
4769	12034	0.011
4774	13045	0.558
4777	87	0.003
4777	1062	0.025
4777	1760	0.003
4777	9178	0.002
4777	12278	0.002
4777	16645	0.019
4787	674	0.153
4787	1480	0.002
4787	7151	0.026
4787	17963	0.077
4788	674	0.08
4788	1480	0.001
4788	7151	0.013
4788	17963	0.03
4805	13052	0.02
4805	18915	0.02
4812	5282	0.155
4812	6433	0.174
4812	12651	0.196
4817	41	0.341
4831	11243	0.685
4851	3374	0.001
4851	8465	0.001
4851	9121	0.001
4851	11781	0.001
4851	14870	0.001
4858	4574	0.149
4863	454	0.385
4871	4383	0.005
4873	3044	0.008
4873	3556	0.026
4873	6007	0.066
4873	11927	0.08
4874	895	0.205
4874	4769	0.242
4874	5907	0.317
4874	8873	0.348
4881	16509	0.658
4884	13679	0.127
4893	235	0.004
4893	4383	0.01
4896	5774	0.011
4899	5167	0.001
4899	5210	0.001
4899	6751	0.001
4899	11923	0.001
4899	12821	0.001
4899	15008	0.001
4899	15226	0.001
4916	1421	0.003
4916	14872	0.01
4916	18372	0.01
4933	409	0.001
4939	1875	0.006
4939	2013	0.006
4939	13875	0.001
4939	16422	0.003
4939	16903	0.003
4970	1869	0.151
4970	2648	0.329
4975	6956	0.003
4975	11861	0.002
4985	16157	0.253
4988	13819	0.121
4988	18231	0.12
4988	20017	0.12
4996	12392	0.334
5007	349	0.219
5007	3944	0.258
5009	9893	0.001
5013	2462	0.001
5036	960	0.05
5036	6614	0.028
5036	6703	0.006
5036	7255	0.059
5036	7601	0.334
5036	13964	0.023
5036	14231	0.022
5036	16428	0.013
5041	2143	0.664
5044	1046	0.704
5052	7580	0.41
5057	493	0.001
5057	1875	0.001
5057	2013	0.001
5057	7331	0.002
5057	7862	0.003
5057	10007	0.001
5057	11582	0.002
5057	17904	0.004
5082	4537	0.648
5082	19862	0.426
5090	18188	0.345
5098	18748	0.001
5099	4496	0.048
5099	11376	0.066
5112	4013	0.003
5112	11110	0.014
5120	17185	0.006
5128	6180	0.039
5128	6463	0.011
5128	8101	0.011
5128	11114	0.008
5128	11772	0.006
5128	15586	0.006
5128	16401	0.035
5145	184	0.181
5148	4374	0.113
5148	12137	0.017
5148	16197	0.017
5148	18728	0.118
5154	7547	0.182
5167	674	0.387
5167	1480	0.01
5167	4899	0.001
5167	7151	0.037
5167	17963	0.164
5169	4383	0.001
5194	774	0.434
5200	1875	0.012
5200	2013	0.003
5200	5950	0.002
5200	7331	0.024
5200	7862	0.024
5200	13875	0.001
5200	14871	0.002
5200	16903	0.024
5200	17904	0.023
5210	674	0.204
5210	1480	0.006
5210	4899	0.001
5210	7151	0.026
5210	17963	0.083
5213	8695	0.163
5218	8197	0.771
5226	10155	0.004
5282	4812	0.155
5304	3050	0.015
5304	7352	0.341
5309	4496	0.006
5309	11376	0.009
5309	13755	0.001
5330	670	0.002
5330	4523	0.002
5330	4671	0.004
5330	5912	0.002
5330	11982	0.004
5330	13891	0.002
5352	11307	0.366
5364	11528	0.019
5370	4370	0.003
5370	6241	0.004
5370	11039	0.004
5370	13094	0.021
5370	16860	0.005
5370	17655	0.32
5370	19150	0.014
5387	11028	0.001
5392	4642	0.52
5392	6554	0.157
5405	2480	0.367
5422	14116	0.044
5422	19946	0.043
5425	2424	0.023
5425	3022	0.014
5425	3221	0.025
5425	4411	0.012
5425	4762	0.017
5425	6211	0.025
5425	8252	0.001
5425	12172	0.029
5425	15438	0.017
5425	16842	0.01
5425	16945	0.02
5425	18658	0.029
5435	6397	0.085
5435	8545	0.088
5435	12099	0.084
5450	12897	0.139
5450	18553	0.18
5464	14116	0.072
5464	19946	0.072
5496	3044	0.01
5496	3556	0.022
5506	3936	0.088
5507	9547	0.302
5517	19692	0.282
5524	2317	0.71
5560	9995	0.478
5562	6040	0.278
5565	19086	0.373
5566	360	0.229
5584	409	0.001
5584	3324	0.001
5584	3680	0.001
5584	6297	0.001
5584	10029	0.001
5585	3050	0.045
5586	221	0.001
5586	942	0.001
5604	2788	0.273
5605	451	0.001
5605	1473	0.001
5605	6135	0.003
5605	6771	0.002
5605	13385	0.002
5605	14234	0.004
5605	17209	0.002
5605	19997	0.002
5635	9708	0.281
5659	7329	0.435
5660	4383	0.005
5697	17549	0.001
5730	19760	0.793
5736	17605	0.22
5739	14870	0.001
5740	268	0.022
5740	4579	0.046
5745	4710	0.001
5745	6208	0.004
5745	11086	0.001
5745	11517	0.002
5745	16628	0.004
5745	17656	0.005
5750	2383	0.829
5750	6154	0.704
5753	3680	0.001
5753	10029	0.001
5762	11941	0.365
5774	4896	0.011
5780	4086	0.247
5780	8751	0.191
5784	11433	0.205
5789	8356	0.003
5789	11517	0.001
5789	12181	0.006
5789	14563	0.006
5789	16628	0.008
5789	16953	0.007
5801	5998	0.001
5801	7150	0.001
5801	8209	0.001
5801	9175	0.001
5801	10513	0.001
5801	11122	0.001
5801	11563	0.001
5801	18803	0.001
5813	18491	0.54
5823	14168	0.001
5824	14168	0.01
5853	2065	0.005
5853	4305	0.005
5859	6078	0.016
5882	4392	0.505
5884	2403	0.036
5884	4623	0.07
5884	8467	0.097
5884	11740	0.013
5900	3049	0.014
5900	16192	0.004
5907	4874	0.317
5912	197	0.003
5912	208	0.003
5912	1308	0.003
5912	1676	0.022
5912	1923	0.001
5912	2181	0.002
5912	5330	0.002
5912	7618	0.003
5912	8244	0.003
5912	8640	0.003
5912	9156	0.002
5912	10640	0.003
5912	12081	0.003
5912	12082	0.003
5912	12813	0.003
5912	13077	0.002
5912	13369	0.002
5912	14217	0.003
5912	14307	0.003
5912	15458	0.002
5912	20425	0.003
5930	16544	0.196
5934	3996	0.608
5950	1875	0.003
5950	2013	0.003
5950	5200	0.002
5950	7331	0.008
5950	10007	0.004
5950	11582	0.004
5950	12254	0.004
5950	16903	0.003
5950	17904	0.009
5979	914	0.002
5979	1954	0.003
5979	2040	0.002
5979	2153	0.002
5979	18933	0.208
5979	18956	0.002
5982	4339	0.006
5991	13868	0.227
5998	5801	0.001
6007	4873	0.066
6015	11254	0.402
6028	2462	0.002
6040	5562	0.278
6040	17623	0.217
6042	3422	0.001
6042	14871	0.027
6043	7516	0.378
6053	4574	0.159
6054	387	0.018
6067	306	0.344
6067	8109	0.268
6070	2802	0.013
6070	4496	0.011
6070	18816	0.007
6074	6638	0.173
6078	5859	0.016
6078	17551	0.399
6093	18943	0.641
6103	19745	0.406
6104	83	0.077
6104	558	0.06
6104	1270	0.278
6104	2788	0.009
6104	18153	0.065
6109	10155	0.002
6124	14949	0.048
6126	4496	0.046
6126	11376	0.055
6135	2363	0.002
6135	5605	0.003
6135	7963	0.002
6135	12975	0.002
6135	14456	0.019
6135	17671	0.003
6139	1263	0.179
6141	2921	0.001
6141	4013	0.003
6141	11110	0.009
6152	9307	0.003
6152	10834	0.003
6152	19533	0.015
6153	2138	0.051
6154	5750	0.704
6154	10653	0.05
6154	10704	0.316
6154	12107	0.736
6166	14068	0.12
6166	17568	0.057
6176	2789	0.004
6178	3374	0.002
6178	4211	0.002
6178	8465	0.002
6178	9121	0.002
6178	11781	0.002
6178	14870	0.003
6178	18330	0.002
6180	505	0.007
6180	1060	0.009
6180	1260	0.025
6180	3734	0.014
6180	4230	0.028
6180	5128	0.039
6180	9690	0.026
6180	12331	0.025
6180	16482	0.005
6181	104	0.004
6181	449	0.002
6181	2000	0.012
6181	2816	0.001
6181	9876	0.011
6191	1268	0.723
6195	2088	0.001
6195	2138	0.049
6202	8598	0.001
6208	3324	0.001
6208	5745	0.004
6210	8680	0.188
6211	5425	0.025
6211	13356	0.024
6211	18141	0.011
6228	3936	0.107
6233	13353	0.331
6241	5370	0.004
6268	4380	0.052
6268	6954	0.042
6268	11160	0.023
6286	1425	0.001
6286	3324	0.001
6286	18748	0.001
6297	221	0.003
6297	237	0.005
6297	629	0.009
6297	667	0.01
6297	942	0.003
6297	1292	0.002
6297	1425	0.007
6297	2065	0.002
6297	2145	0.002
6297	3324	0.006
6297	4032	0.001
6297	5584	0.001
6297	6889	0.006
6297	8133	0.009
6297	9318	0.004
6297	10950	0.001
6297	14082	0.003
6297	15138	0.004
6297	15554	0.003
6297	16895	0.001
6297	17577	0.004
6297	17693	0.001
6297	18455	0.003
6297	18748	0.004
6298	112	0.154
6300	3335	0.139
6303	387	0.237
6303	3068	0.263
6307	10155	0.004
6314	3222	0.442
6324	1103	0.369
6324	4605	0.36
6350	8621	0.268
6350	14204	0.239
6395	15257	0.23
6397	5435	0.085
6397	11415	0.002
6397	13214	0.008
6413	2815	0.281
6419	17551	0.165
6423	1424	0.121
6423	1723	0.234
6423	14362	0.12
6424	413	0.002
6424	1980	0.002
6424	12009	0.002
6424	19532	0.001
6428	1421	0.003
6428	14872	0.01
6428	18103	0.014
6433	4812	0.174
6439	1960	0.24
6439	16621	0.068
6457	7464	0.084
6458	19186	0.254
6463	505	0.023
6463	1260	0.004
6463	1570	0.006
6463	5128	0.011
6463	9994	0.005
6463	12549	0.005
6463	16401	0.005
6463	18531	0.005
6463	20281	0.005
6466	7757	0.242
6466	18241	0.261
6473	6521	0.005
6473	17671	0.002
6510	1037	0.001
6510	3797	0.002
6510	9994	0.005
6510	16361	0.005
6521	6473	0.005
6527	2976	0.3
6530	746	0.645
6532	10173	0.225
6554	5392	0.157
6559	1263	0.091
6575	19437	0.363
6590	13679	0.04
6595	8060	0.261
6610	18401	0.356
6614	5036	0.028
6627	3680	0.001
6627	10028	0.002
6638	6074	0.173
6638	14229	0.053
6647	15837	0.191
6669	7811	0.101
6685	2802	0.024
6685	4496	0.02
6685	18816	0.014
6703	5036	0.006
6751	674	0.278
6751	1480	0.006
6751	4899	0.001
6751	7151	0.029
6751	17963	0.115
6771	2363	0.001
6771	5605	0.002
6771	7963	0.001
6771	12975	0.001
6771	17671	0.002
6786	235	0.003
6786	4383	0.006
6813	13893	0.415
6827	8170	0.519
6841	8048	0.173
6870	538	0.002
6889	409	0.005
6889	3680	0.008
6889	6297	0.006
6889	10029	0.007
6916	7342	0.158
6944	1560	0.198
6946	2101	0.006
6946	14121	0.007
6954	2347	0.037
6954	6268	0.042
6956	4975	0.003
6956	12181	0.003
6956	14563	0.003
6956	16628	0.003
6956	16953	0.003
6967	15594	0.001
6968	9121	0.002
6968	11781	0.001
6972	19186	0.094
6976	4496	0.04
6976	11376	0.045
7002	834	0.542
7023	13781	0.351
7027	87	0.002
7027	1062	0.026
7027	1760	0.003
7027	9178	0.002
7027	12278	0.002
7027	16645	0.016
7043	8680	0.292
7049	11788	0.03
7054	11553	0.227
7057	7513	0.278
7067	3878	0.002
7078	12072	0.376
7079	317	0.109
7079	4035	0.094
7079	4376	0.035
7079	7704	0.058
7079	8846	0.05
7079	16342	0.107
7081	15320	0.5
7111	163	0.004
7111	740	0.022
7111	15114	0.001
7111	18157	0.19
7111	18353	0.26
7111	18737	0.005
7113	7811	0.276
7150	5801	0.001
7151	398	0.006
7151	440	0.019
7151	441	0.022
7151	470	0.024
7151	2199	0.028
7151	4729	0.001
7151	4787	0.026
7151	4788	0.013
7151	5167	0.037
7151	5210	0.026
7151	6751	0.029
7151	8909	0.01
7151	9068	0.021
7151	10525	0.012
7151	10756	0.023
7151	11380	0.012
7151	11923	0.021
7151	12728	0.017
7151	12821	0.029
7151	13081	0.021
7151	13335	0.007
7151	13850	0.022
7151	13851	0.023
7151	15008	0.029
7151	15145	0.016
7151	15226	0.057
7151	16545	0.02
7151	19550	0.017
7151	19589	0.023
7151	19594	0.021
7176	2585	0.195
7176	12266	0.485
7176	19913	0.513
7177	8060	0.32
7189	20122	0.286
7220	9225	0.194
7220	12978	0.528
7226	87	0.002
7226	1062	0.027
7226	1760	0.003
7226	9178	0.002
7226	12278	0.002
7226	16645	0.016
7241	7513	0.011
7241	9450	0.006
7241	13035	0.003
7255	5036	0.059
7268	1270	0.63
7294	4451	0.254
7294	11673	0.234
7295	16464	0.629
7298	4496	0.018
7298	11376	0.022
7298	19334	0.002
7329	5659	0.435
7331	493	0.003
7331	1875	0.005
7331	2956	0.013
7331	4120	0.002
7331	5057	0.002
7331	5200	0.024
7331	5950	0.008
7331	7862	0.23
7331	10007	0.007
7331	11288	0.011
7331	11582	0.132
7331	12030	0.003
7331	12908	0.004
7331	12976	0.007
7331	13875	0.008
7331	14871	0.003
7331	16422	0.051
7331	17173	0.012
7342	6916	0.158
7346	4383	0.001
7347	4635	0.295
7347	16624	0.356
7352	5304	0.341
7375	16259	0.001
7407	4496	0.05
7407	11376	0.055
7410	12261	0.003
7442	4610	0.445
7464	6457	0.084
7479	10893	0.153
7506	4339	0.003
7513	1194	0.011
7513	7057	0.278
7513	7241	0.011
7513	11240	0.284
7513	14627	0.001
7513	17193	0.001
7516	6043	0.378
7516	14808	0.32
7516	18759	0.241
7518	211	0.001
7518	836	0.001
7518	4518	0.003
7518	20030	0.002
7521	3422	0.004
7521	14871	0.078
7547	104	0.001
7547	235	0.004
7547	2816	0.007
7547	3616	0.008
7547	5154	0.182
7547	18564	0.006
7559	14471	0.157
7580	5052	0.41
7581	715	0.097
7598	12334	0.014
7598	19251	0.015
7598	20476	0.024
7601	5036	0.334
7618	2000	0.003
7618	2286	0.001
7618	4523	0.002
7618	4671	0.005
7618	5912	0.003
7618	11982	0.005
7618	17833	0.001
7620	2802	0.063
7620	4496	0.053
7620	18816	0.037
7634	3354	0.657
7634	4522	0.629
7642	773	0.033
7652	1221	0.213
7652	15881	0.009
7652	18837	0.004
7653	8519	0.776
7653	16211	0.633
7704	7079	0.058
7704	17163	0.28
7711	2623	0.539
7711	4575	0.327
7711	8672	0.28
7717	18401	0.153
7744	16319	0.494
7744	18347	0.064
7751	17271	0.001
7757	6466	0.242
7757	11550	0.155
7763	15389	0.654
7768	3083	0.005
7792	19585	0.204
7811	6669	0.101
7811	7113	0.276
7847	1586	0.002
7847	3319	0.001
7847	14554	0.001
7854	2788	0.004
7862	493	0.005
7862	1401	0.001
7862	1875	0.016
7862	2013	0.101
7862	2956	0.009
7862	3422	0.004
7862	4120	0.001
7862	4670	0.002
7862	5057	0.003
7862	5200	0.024
7862	7331	0.23
7862	10007	0.011
7862	11288	0.013
7862	11582	0.054
7862	11588	0.001
7862	11907	0.005
7862	12030	0.002
7862	12254	0.164
7862	12908	0.005
7862	12976	0.007
7862	13875	0.039
7862	14303	0.001
7862	14871	0.004
7862	16422	0.043
7862	16903	0.066
7862	17098	0.006
7862	17904	0.396
7862	18512	0.001
7927	11159	0.014
7938	17667	0.01
7938	18942	0.05
7963	6135	0.002
7963	6771	0.001
7963	13385	0.001
7963	14234	0.002
7963	17209	0.001
7963	19997	0.001
7989	14125	0.21
8010	8236	0.097
8048	6841	0.173
8054	3523	0.038
8054	3770	0.047
8060	6595	0.261
8060	7177	0.32
8067	17812	0.181
8083	13077	0.058
8101	505	0.022
8101	1260	0.003
8101	1570	0.01
8101	5128	0.011
8101	9994	0.008
8101	12549	0.008
8101	18531	0.008
8101	20281	0.008
8109	6067	0.268
8123	2700	0.134
8133	409	0.008
8133	3680	0.028
8133	6297	0.009
8133	8865	0.001
8133	10029	0.025
8155	87	0.001
8155	1760	0.001
8155	9178	0.001
8155	12278	0.001
8155	16645	0.009
8163	18942	0.011
8170	6827	0.519
8173	1037	0.002
8173	3797	0.003
8173	16361	0.007
8182	11283	0.005
8197	1970	0.697
8197	5218	0.771
8204	175	0.043
8209	5801	0.001
8236	8010	0.097
8244	4671	0.004
8244	5912	0.003
8244	11982	0.004
8244	12502	0.155
8245	740	0.002
8245	18737	0.001
8247	2802	0.032
8247	4496	0.027
8247	18816	0.019
8252	5425	0.001
8252	13356	0.001
8256	3458	0.294
8304	9932	0.018
8304	15857	0.017
8314	14269	0.357
8323	8873	0.275
8333	11550	0.161
8356	5789	0.003
8367	12030	0.004
8367	12908	0.007
8430	18943	0.269
8465	1318	0.001
8465	1651	0.001
8465	4851	0.001
8465	6178	0.002
8465	12273	0.001
8465	16107	0.001
8465	17866	0.002
8465	18340	0.002
8467	5884	0.097
8467	11253	0.105
8474	564	0.375
8474	8587	0.293
8512	2027	0.135
8519	2768	0.733
8519	2788	0.64
8519	3325	0.556
8519	7653	0.776
8545	5435	0.088
8545	11415	0.002
8545	13214	0.008
8560	10963	0.011
8560	15703	0.001
8573	17491	0.553
8587	8474	0.293
8587	11284	0.016
8587	13413	0.095
8598	6202	0.001
8601	19086	0.461
8604	11842	0.001
8621	6350	0.268
8639	13584	0.23
8639	16102	0.241
8640	4671	0.004
8640	5912	0.003
8640	11982	0.004
8640	12502	0.16
8670	250	0.007
8670	16727	0.009
8672	7711	0.28
8672	11723	0.159
8680	6210	0.188
8680	7043	0.292
8681	13693	0.301
8687	8719	0.608
8695	5213	0.163
8698	2397	0.017
8698	9445	0.007
8703	19363	0.064
8719	8687	0.608
8722	3750	0.403
8751	5780	0.191
8765	16636	0.08
8790	1443	0.025
8801	87	0.001
8801	1062	0.019
8801	1760	0.002
8801	9178	0.001
8801	12278	0.001
8801	16645	0.01
8811	12901	0.151
8818	11528	0.001
8823	13408	0.236
8823	19456	0.214
8846	7079	0.05
8850	16950	0.474
8851	1104	0.006
8851	19205	0.002
8865	629	0.001
8865	667	0.001
8865	8133	0.001
8865	12477	0.004
8865	19038	0.003
8873	4874	0.348
8873	8323	0.275
8880	493	0.252
8895	19110	0.17
8909	674	0.053
8909	1480	0.002
8909	7151	0.01
8909	17963	0.02
8958	179	0.029
8958	4520	0.232
8964	3189	0.509
8985	3597	0.004
9004	9983	0.083
9038	16351	0.251
9051	3445	0.105
9068	674	0.183
9068	1480	0.003
9068	7151	0.021
9068	17963	0.075
9104	19760	0.045
9110	14153	0.431
9121	438	0.002
9121	1157	0.002
9121	1317	0.002
9121	1318	0.003
9121	1651	0.002
9121	1884	0.001
9121	4851	0.001
9121	6178	0.002
9121	6968	0.002
9121	12209	0.001
9121	12273	0.002
9121	14817	0.002
9121	16107	0.002
9121	17866	0.002
9121	18340	0.002
9121	19116	0.002
9156	572	0.002
9156	670	0.002
9156	4523	0.002
9156	4671	0.003
9156	5912	0.002
9156	10449	0.001
9156	11982	0.003
9156	13891	0.002
9158	2788	0.022
9166	4629	0.152
9175	5801	0.001
9178	865	0.002
9178	2176	0.001
9178	2178	0.001
9178	2179	0.001
9178	2180	0.001
9178	4777	0.002
9178	7027	0.002
9178	7226	0.002
9178	8155	0.001
9178	8801	0.001
9178	13641	0.001
9178	14748	0.002
9178	16677	0.001
9189	2802	0.022
9189	4496	0.696
9189	18816	0.025
9212	14247	0.002
9212	16665	0.002
9212	16666	0.002
9212	16667	0.002
9212	16668	0.002
9212	16670	0.002
9212	16671	0.002
9212	16675	0.002
9212	16676	0.002
9212	16679	0.002
9212	16724	0.002
9212	19651	0.002
9212	20287	0.002
9225	7220	0.194
9241	4383	0.002
9247	235	0.027
9247	1431	0.002
9247	2000	0.001
9247	3616	0.002
9247	9876	0.002
9247	11336	0.069
9247	20028	0.002
9267	18077	0.096
9270	13295	0.398
9307	1853	0.003
9307	6152	0.003
9307	10834	0.011
9307	19533	0.017
9308	4325	0.001
9308	18264	0.001
9318	409	0.003
9318	3680	0.005
9318	6297	0.004
9318	10029	0.005
9345	4048	0.173
9368	14193	0.356
9445	767	0.006
9445	1198	0.001
9445	2117	0.007
9445	2271	0.004
9445	2397	0.002
9445	8698	0.007
9445	16401	0.001
9450	1194	0.006
9450	7241	0.006
9480	53	0.004
9487	17707	0.014
9496	4457	0.007
9534	14269	0.414
9547	3226	0.42
9547	5507	0.302
9592	1613	0.511
9616	2833	0.499
9616	3400	0.096
9616	16964	0.139
9690	505	0.001
9690	6180	0.026
9708	5635	0.281
9722	3354	0.663
9722	4522	0.638
9753	3629	0.345
9839	3389	0.646
9847	17671	0.002
9865	12181	0.001
9865	14563	0.001
9865	16628	0.001
9865	16953	0.001
9876	6181	0.011
9876	9247	0.002
9876	14881	0.012
9893	5009	0.001
9893	13019	0.002
9893	16420	0.183
9903	18401	0.134
9932	8304	0.018
9932	13535	0.008
9932	16563	0.085
9973	13866	0.438
9979	15024	0.001
9983	1434	0.095
9983	3908	0.096
9983	9004	0.083
9994	6463	0.005
9994	6510	0.005
9994	8101	0.008
9994	11114	0.004
9994	11772	0.009
9994	15586	0.012
9994	15668	0.005
9994	16401	0.017
9995	5560	0.478
10007	493	0.003
10007	1401	0.003
10007	1717	0.002
10007	1875	0.002
10007	2013	0.01
10007	5057	0.001
10007	5950	0.004
10007	7331	0.007
10007	7862	0.011
10007	11288	0.002
10007	11582	0.013
10007	11588	0.001
10007	11907	0.001
10007	12254	0.006
10007	12908	0.002
10007	12976	0.001
10007	13875	0.001
10007	14303	0.001
10007	14871	0.001
10007	16422	0.009
10007	16903	0.011
10007	17098	0.001
10007	17904	0.01
10028	6627	0.002
10029	221	0.005
10029	237	0.005
10029	629	0.019
10029	667	0.023
10029	942	0.004
10029	1292	0.002
10029	1425	0.013
10029	2065	0.002
10029	2145	0.001
10029	2969	0.001
10029	3324	0.007
10029	3604	0.001
10029	4032	0.001
10029	4305	0.002
10029	4710	0.001
10029	5584	0.001
10029	5753	0.001
10029	6889	0.007
10029	8133	0.025
10029	9318	0.005
10029	10950	0.001
10029	14082	0.002
10029	15138	0.007
10029	15554	0.005
10029	16628	0.001
10029	16895	0.001
10029	17577	0.005
10029	17693	0.001
10029	18455	0.004
10029	18748	0.005
10113	18448	0.065
10149	14193	0.383
10150	11433	0.255
10155	3031	0.001
10155	5226	0.004
10155	6109	0.002
10155	6307	0.004
10155	11862	0.005
10162	3275	0.317
10173	6532	0.225
10282	1809	0.165
10348	14193	0.343
10449	1308	0.002
10449	1676	0.013
10449	9156	0.001
10449	13077	0.001
10449	13369	0.001
10449	14217	0.001
10449	14307	0.001
10449	15458	0.001
10468	14534	0.002
10498	3979	0.163
10498	18139	0.181
10513	5801	0.001
10525	674	0.058
10525	1480	0.001
10525	7151	0.012
10525	17963	0.025
10555	1579	0.047
10624	17862	0.001
10640	670	0.002
10640	2286	0.001
10640	4671	0.005
10640	5912	0.003
10640	11982	0.005
10653	2383	0.037
10653	6154	0.05
10679	2006	0.32
10704	2383	0.472
10704	6154	0.316
10756	674	0.122
10756	1480	0.002
10756	7151	0.023
10756	17963	0.061
10767	1960	0.308
10767	16621	0.079
10805	80	0.048
10805	11150	0.046
10834	6152	0.003
10834	9307	0.011
10834	18448	0.096
10834	19533	0.079
10875	17580	0.001
10879	14534	0.002
10893	7479	0.153
10950	3680	0.001
10950	6297	0.001
10950	10029	0.001
10963	1669	0.006
10963	8560	0.011
10963	13017	0.018
11028	5387	0.001
11039	5370	0.004
11086	5745	0.001
11110	162	0.013
11110	3258	0.011
11110	4381	0.011
11110	5112	0.014
11110	6141	0.009
11114	505	0.017
11114	1260	0.003
11114	1570	0.004
11114	5128	0.008
11114	9994	0.004
11114	12549	0.004
11114	18531	0.004
11114	20281	0.003
11122	2462	0.003
11122	5801	0.001
11150	10805	0.046
11156	192	0.003
11159	7927	0.014
11159	13882	0.397
11160	2347	0.009
11160	6268	0.023
11182	387	0.018
11206	2048	0.161
11206	3121	0.013
11206	3345	0.12
11206	3644	0.492
11206	11945	0.125
11217	17839	0.001
11240	7513	0.284
11243	4831	0.685
11251	11552	0.092
11253	4623	0.089
11253	8467	0.105
11254	6015	0.402
11283	2608	0.017
11283	8182	0.005
11284	8587	0.016
11288	493	0.003
11288	1717	0.002
11288	1875	0.007
11288	2013	0.004
11288	7331	0.011
11288	7862	0.013
11288	10007	0.002
11288	11582	0.016
11288	12254	0.005
11288	12908	0.001
11288	13875	0.001
11288	14871	0.002
11288	16903	0.004
11288	17904	0.011
11307	824	0.723
11307	4746	0.374
11307	5352	0.366
11323	4496	0.005
11323	11376	0.011
11327	2535	0.714
11327	13438	0.503
11336	9247	0.069
11376	1207	0.073
11376	1827	0.007
11376	3289	0.066
11376	4000	0.101
11376	5099	0.066
11376	5309	0.009
11376	6126	0.055
11376	6976	0.045
11376	7298	0.022
11376	7407	0.055
11376	11323	0.011
11376	14239	0.065
11380	674	0.087
11380	1480	0.003
11380	7151	0.012
11380	17963	0.03
11406	14779	0.887
11415	6397	0.002
11415	8545	0.002
11415	12099	0.002
11420	1662	0.5
11433	3229	0.243
11433	5784	0.205
11433	10150	0.255
11434	19339	0.22
11442	2271	0.016
11442	2397	0.004
11444	18562	0.026
11446	4496	0.068
11446	18816	0.002
11475	715	0.342
11476	13489	0.05
11497	501	0.155
11517	5745	0.002
11517	5789	0.001
11528	2060	0.024
11528	2448	0.001
11528	4504	0.001
11528	5364	0.019
11528	8818	0.001
11528	18151	0.001
11544	1335	0.011
11544	12778	0.011
11544	13577	0.011
11544	14534	0.198
11544	14717	0.011
11544	14718	0.011
11544	14739	0.011
11544	14740	0.011
11544	15779	0.011
11544	15953	0.011
11544	16775	0.011
11544	16777	0.011
11544	18996	0.011
11544	20128	0.011
11544	20149	0.011
11550	1039	0.005
11550	7757	0.155
11550	8333	0.161
11550	18241	0.122
11552	2831	0.018
11552	2946	0.025
11552	11251	0.092
11552	14659	0.11
11552	15374	0.237
11552	20056	0.104
11553	7054	0.227
11563	5801	0.001
11570	1037	0.002
11570	3797	0.003
11570	16361	0.007
11572	3077	0.364
11582	493	0.003
11582	1401	0.001
11582	1717	0.008
11582	1875	0.01
11582	2013	0.096
11582	4120	0.001
11582	4670	0.001
11582	5057	0.002
11582	5950	0.004
11582	7331	0.132
11582	7862	0.054
11582	10007	0.013
11582	11288	0.016
11582	11588	0.002
11582	11907	0.003
11582	12030	0.002
11582	12254	0.023
11582	12908	0.004
11582	12976	0.005
11582	13875	0.028
11582	14303	0.003
11582	14871	0.006
11582	14909	0.004
11582	16422	0.039
11582	16903	0.047
11582	17098	0.004
11582	17904	0.027
11582	18512	0.002
11586	13794	0.152
11588	7862	0.001
11588	10007	0.001
11588	11582	0.002
11606	449	0.001
11611	18656	0.585
11632	4048	0.196
11649	18562	0.028
11670	16371	0.319
11671	16886	0.124
11673	7294	0.234
11684	4226	0.42
11723	4575	0.391
11723	8672	0.159
11739	2585	0.022
11739	12266	0.007
11740	5884	0.013
11742	55	0.318
11742	16719	0.314
11744	3373	0.442
11772	505	0.012
11772	1260	0.002
11772	1570	0.01
11772	5128	0.006
11772	9994	0.009
11772	12549	0.009
11772	18531	0.009
11772	20281	0.008
11781	1651	0.001
11781	4851	0.001
11781	6178	0.002
11781	6968	0.001
11781	12273	0.001
11781	16107	0.001
11781	18340	0.002
11783	4383	0.001
11788	7049	0.03
11788	12005	0.049
11805	250	0.005
11805	16727	0.006
11809	12392	0.32
11824	3202	0.009
11831	15032	0.24
11831	19762	0.24
11842	8604	0.001
11854	1378	0.52
11861	4975	0.002
11862	10155	0.005
11864	12334	0.216
11864	19251	0.142
11864	20476	0.249
11867	3324	0.001
11867	18748	0.001
11882	4550	0.554
11889	3778	0.585
11907	2013	0.001
11907	7862	0.005
11907	10007	0.001
11907	11582	0.003
11907	12254	0.002
11917	3258	0.001
11923	674	0.232
11923	1480	0.005
11923	4899	0.001
11923	7151	0.021
11923	17963	0.093
11927	198	0.005
11927	3215	0.004
11927	4031	0.007
11927	4873	0.08
11927	17271	0.003
11941	5762	0.365
11945	11206	0.125
11974	4383	0.005
11982	197	0.004
11982	208	0.005
11982	1308	0.004
11982	1676	0.029
11982	1923	0.001
11982	2181	0.003
11982	5330	0.004
11982	7618	0.005
11982	8244	0.004
11982	8640	0.004
11982	9156	0.003
11982	10640	0.005
11982	12081	0.005
11982	12082	0.005
11982	12813	0.005
11982	13077	0.003
11982	13369	0.004
11982	14217	0.004
11982	14307	0.004
11982	15458	0.003
11982	20425	0.004
11994	4383	0.001
12005	11788	0.049
12006	2105	0.164
12009	211	0.001
12009	6424	0.002
12030	1875	0.001
12030	7331	0.003
12030	7862	0.002
12030	8367	0.004
12030	11582	0.002
12030	12254	0.002
12030	16903	0.001
12030	17904	0.004
12034	895	0.01
12034	4769	0.011
12052	1204	0.162
12052	18864	0.166
12072	7078	0.376
12072	15727	0.492
12073	3556	0.024
12081	2286	0.001
12081	4671	0.005
12081	5912	0.003
12081	11982	0.005
12082	670	0.002
12082	2286	0.001
12082	4523	0.002
12082	4671	0.005
12082	5912	0.003
12082	11982	0.005
12099	5435	0.084
12099	11415	0.002
12099	13214	0.008
12107	2383	0.444
12107	6154	0.736
12137	5148	0.017
12157	12518	0.168
12157	14142	0.168
12157	16703	0.168
12167	4383	0.001
12172	5425	0.029
12172	13356	0.027
12172	18141	0.015
12181	1372	0.003
12181	5789	0.006
12181	6956	0.003
12181	9865	0.001
12181	18170	0.001
12184	3011	0.552
12209	9121	0.001
12224	341	0.003
12254	493	0.002
12254	1401	0.001
12254	3422	0.002
12254	5950	0.004
12254	7862	0.164
12254	10007	0.006
12254	11288	0.005
12254	11582	0.023
12254	11907	0.002
12254	12030	0.002
12254	12908	0.004
12254	12976	0.015
12254	13875	0.006
12254	14303	0.001
12254	14871	0.004
12254	16422	0.019
12254	16903	0.02
12254	17098	0.003
12261	7410	0.003
12266	2882	0.049
12266	4034	0.019
12266	7176	0.485
12266	11739	0.007
12266	13234	0.06
12266	15156	0.014
12266	20015	0.06
12273	3374	0.001
12273	8465	0.001
12273	9121	0.002
12273	11781	0.001
12273	14870	0.001
12278	865	0.002
12278	2176	0.001
12278	2178	0.001
12278	2179	0.001
12278	2180	0.001
12278	4777	0.002
12278	7027	0.002
12278	7226	0.002
12278	8155	0.001
12278	8801	0.001
12278	13641	0.001
12278	14748	0.002
12278	16677	0.001
12288	14247	0.002
12288	16665	0.002
12288	16666	0.002
12288	16667	0.002
12288	16668	0.002
12288	16670	0.002
12288	16671	0.002
12288	16675	0.002
12288	16676	0.002
12288	16679	0.002
12288	16724	0.002
12288	19651	0.002
12288	20287	0.002
12331	6180	0.025
12334	7598	0.014
12334	11864	0.216
12334	12554	0.015
12334	16502	0.001
12334	18564	0.014
12339	17812	0.181
12377	2268	0.213
12377	14851	0.222
12392	2564	0.273
12392	3138	0.226
12392	4996	0.334
12392	11809	0.32
12402	14247	0.002
12402	16665	0.002
12402	16666	0.002
12402	16667	0.002
12402	16668	0.002
12402	16670	0.002
12402	16671	0.002
12402	16675	0.002
12402	16676	0.002
12402	16679	0.002
12402	16724	0.002
12402	19651	0.002
12402	20287	0.002
12404	3051	0.521
12427	14247	0.002
12427	16665	0.002
12427	16666	0.002
12427	16667	0.002
12427	16668	0.002
12427	16670	0.002
12427	16671	0.002
12427	16675	0.002
12427	16676	0.002
12427	16679	0.002
12427	16724	0.002
12427	19651	0.002
12427	20287	0.002
12477	409	0.002
12477	8865	0.004
12502	8244	0.155
12502	8640	0.16
12513	412	0.244
12513	18114	0.227
12518	12157	0.168
12518	15214	0.076
12519	16911	0.004
12531	4504	0.012
12547	773	0.031
12549	4496	0.004
12549	6463	0.005
12549	8101	0.008
12549	11114	0.004
12549	11772	0.009
12549	15586	0.012
12554	12334	0.015
12554	19251	0.017
12554	20476	0.027
12579	3554	0.165
12615	14247	0.002
12615	16665	0.002
12615	16666	0.002
12615	16667	0.002
12615	16668	0.002
12615	16670	0.002
12615	16671	0.002
12615	16675	0.002
12615	16676	0.002
12615	16679	0.002
12615	16724	0.002
12615	19651	0.002
12615	20287	0.002
12645	14247	0.002
12645	16665	0.002
12645	16666	0.002
12645	16667	0.002
12645	16668	0.002
12645	16670	0.002
12645	16671	0.002
12645	16675	0.002
12645	16676	0.002
12645	16679	0.002
12645	16724	0.002
12645	19651	0.002
12645	20287	0.002
12646	19760	0.034
12651	4812	0.196
12676	462	0.631
12676	16125	0.123
12720	20455	0.001
12728	674	0.141
12728	1480	0.001
12728	7151	0.017
12728	17963	0.056
12730	14130	0.041
12730	16357	0.056
12730	18544	0.052
12759	17667	0.001
12778	11544	0.011
12789	3809	0.622
12813	2286	0.001
12813	4671	0.005
12813	5912	0.003
12813	11982	0.005
12821	674	0.249
12821	1480	0.006
12821	4899	0.001
12821	7151	0.029
12821	17963	0.102
12866	3740	0.174
12897	5450	0.139
12901	8811	0.151
12905	2741	0.204
12905	2751	0.307
12908	1717	0.001
12908	1875	0.003
12908	2013	0.001
12908	7331	0.004
12908	7862	0.005
12908	8367	0.007
12908	10007	0.002
12908	11288	0.001
12908	11582	0.004
12908	12254	0.004
12908	16903	0.003
12975	451	0.001
12975	1473	0.001
12975	6135	0.002
12975	6771	0.001
12975	13385	0.001
12975	14234	0.002
12975	17209	0.001
12975	19997	0.001
12976	493	0.001
12976	1717	0.003
12976	1875	0.005
12976	2013	0.001
12976	7331	0.007
12976	7862	0.007
12976	10007	0.001
12976	11582	0.005
12976	12254	0.015
12976	16903	0.006
12976	17904	0.004
12978	7220	0.528
13017	10963	0.018
13019	9893	0.002
13035	1194	0.004
13035	7241	0.003
13042	16522	0.15
13042	19743	0.155
13045	4774	0.558
13052	4805	0.02
13077	670	0.002
13077	4523	0.002
13077	4671	0.003
13077	5912	0.002
13077	8083	0.058
13077	10449	0.001
13077	11982	0.003
13077	13891	0.002
13080	3039	0.191
13081	674	0.205
13081	1480	0.003
13081	7151	0.021
13081	17963	0.078
13094	5370	0.021
13184	2441	0.178
13192	14247	0.002
13192	16665	0.002
13192	16666	0.002
13192	16667	0.002
13192	16668	0.002
13192	16670	0.002
13192	16671	0.002
13192	16675	0.002
13192	16676	0.002
13192	16679	0.002
13192	16724	0.002
13192	19651	0.002
13192	20287	0.002
13214	6397	0.008
13214	8545	0.008
13214	12099	0.008
13234	2585	0.097
13234	12266	0.06
13239	14661	0.351
13252	14247	0.002
13252	16665	0.002
13252	16666	0.002
13252	16667	0.002
13252	16668	0.002
13252	16670	0.002
13252	16671	0.002
13252	16675	0.002
13252	16676	0.002
13252	16679	0.002
13252	16724	0.002
13252	19651	0.002
13252	20287	0.002
13286	16597	0.009
13295	4549	0.005
13295	9270	0.398
13316	1274	0.406
13327	3735	0.196
13327	16647	0.639
13335	674	0.059
13335	1480	0.002
13335	7151	0.007
13335	17963	0.026
13353	6233	0.331
13353	18327	0.275
13356	2424	0.022
13356	3022	0.016
13356	3221	0.023
13356	4411	0.012
13356	4762	0.016
13356	6211	0.024
13356	8252	0.001
13356	12172	0.027
13356	15438	0.019
13356	16842	0.009
13356	16945	0.021
13356	18658	0.027
13359	3488	0.209
13368	1825	0.002
13369	670	0.002
13369	4523	0.002
13369	4671	0.004
13369	5912	0.002
13369	10449	0.001
13369	11982	0.004
13369	13891	0.002
13376	612	0.19
13376	3312	0.361
13385	2363	0.001
13385	5605	0.002
13385	7963	0.001
13385	12975	0.001
13385	17671	0.003
13408	8823	0.236
13413	1936	0.212
13413	2596	0.372
13413	8587	0.095
13413	14471	0.172
13438	11327	0.503
13454	2906	0.193
13464	3354	0.206
13464	4522	0.211
13464	14923	0.001
13464	15582	0.001
13466	14871	0.015
13489	11476	0.05
13489	14929	0.001
13489	18174	0.001
13490	4356	0.017
13508	3885	0.001
13535	9932	0.008
13535	15857	0.008
13538	1037	0.001
13538	3797	0.002
13538	16361	0.005
13577	11544	0.011
13584	8639	0.23
13641	87	0.001
13641	1760	0.001
13641	9178	0.001
13641	12278	0.001
13641	16645	0.008
13644	14247	0.002
13644	16665	0.002
13644	16666	0.002
13644	16667	0.002
13644	16668	0.002
13644	16670	0.002
13644	16671	0.002
13644	16675	0.002
13644	16676	0.002
13644	16679	0.002
13644	16724	0.002
13644	19651	0.002
13644	20287	0.002
13679	432	0.071
13679	4884	0.127
13679	6590	0.04
13680	19760	0.785
13693	8681	0.301
13717	2441	0.209
13755	5309	0.001
13776	17549	0.008
13781	7023	0.351
13781	14690	0.494
13789	18942	0.013
13794	11586	0.152
13799	13800	0.737
13799	13808	0.377
13800	13799	0.737
13808	2692	0.782
13808	13799	0.377
13819	4988	0.121
13819	14870	0.001
13821	1221	0.133
13850	674	0.122
13850	1480	0.002
13850	7151	0.022
13850	17963	0.061
13851	674	0.207
13851	1480	0.005
13851	7151	0.023
13851	17963	0.096
13866	9973	0.438
13866	17486	0.403
13868	5991	0.227
13875	1717	0.002
13875	1875	0.004
13875	2013	0.002
13875	2956	0.001
13875	4939	0.001
13875	5200	0.001
13875	7331	0.008
13875	7862	0.039
13875	10007	0.001
13875	11288	0.001
13875	11582	0.028
13875	12254	0.006
13875	16422	0.002
13875	16903	0.005
13875	17173	0.001
13875	17904	0.008
13882	11159	0.397
13891	5330	0.002
13891	9156	0.002
13891	13077	0.002
13891	13369	0.002
13891	14217	0.002
13891	14307	0.002
13891	15458	0.002
13893	6813	0.415
13924	2923	0.002
13933	18277	0.384
13940	19050	0.446
13962	4496	0.006
13964	5036	0.023
13967	2684	0.158
14020	3652	0.736
14068	6166	0.12
14076	2093	0.001
14076	18423	0.002
14082	409	0.002
14082	3680	0.003
14082	4634	0.001
14082	6297	0.003
14082	10029	0.002
14116	1817	0.015
14116	5422	0.044
14116	5464	0.072
14116	16973	0.035
14116	17115	0.05
14119	2755	0.503
14121	6946	0.007
14125	7989	0.21
14130	12730	0.041
14142	12157	0.168
14142	15214	0.076
14150	4659	0.241
14153	9110	0.431
14153	15348	0.213
14168	5823	0.001
14168	5824	0.01
14168	17767	0.004
14193	693	0.364
14193	9368	0.356
14193	10149	0.383
14193	10348	0.343
14195	763	0.602
14204	6350	0.239
14205	250	0.002
14205	16727	0.003
14208	3629	0.416
14217	670	0.002
14217	4523	0.002
14217	4671	0.004
14217	5912	0.003
14217	10449	0.001
14217	11982	0.004
14217	13891	0.002
14222	493	0.244
14229	6638	0.053
14231	5036	0.022
14234	2363	0.002
14234	5605	0.004
14234	7963	0.002
14234	12975	0.002
14234	17671	0.004
14238	1221	0.172
14239	4496	0.047
14239	11376	0.065
14247	9212	0.002
14247	12288	0.002
14247	12402	0.002
14247	12427	0.002
14247	12615	0.002
14247	12645	0.002
14247	13192	0.002
14247	13252	0.002
14247	13644	0.002
14247	14616	0.002
14247	14617	0.002
14247	14619	0.002
14247	14720	0.002
14247	14734	0.002
14247	14735	0.002
14247	14736	0.002
14247	14738	0.002
14247	16669	0.002
14247	16733	0.002
14247	17263	0.002
14247	19350	0.002
14264	349	0.101
14264	3944	0.129
14269	8314	0.357
14269	9534	0.414
14269	18177	0.12
14303	1717	0.001
14303	1875	0.001
14303	2013	0.001
14303	7862	0.001
14303	10007	0.001
14303	11582	0.003
14303	12254	0.001
14303	16903	0.004
14307	670	0.002
14307	4523	0.002
14307	4671	0.004
14307	5912	0.003
14307	10449	0.001
14307	11982	0.004
14307	13891	0.002
14362	6423	0.12
14379	4383	0.002
14380	4383	0.002
14399	386	0.319
14399	1968	0.164
14428	3206	0.323
14428	3640	0.34
14456	6135	0.019
14456	17209	0.028
14459	17012	0.002
14471	7559	0.157
14471	13413	0.172
14503	15219	0.001
14504	4040	0.279
14526	2474	0.112
14528	2474	0.127
14534	71	0.006
14534	2735	0.007
14534	10468	0.002
14534	10879	0.002
14534	11544	0.198
14534	19157	0.004
14539	19661	0.004
14539	20207	0.001
14539	20549	0.004
14554	7847	0.001
14563	1372	0.003
14563	5789	0.006
14563	6956	0.003
14563	9865	0.001
14563	18170	0.001
14616	14247	0.002
14616	16665	0.002
14616	16666	0.002
14616	16667	0.002
14616	16668	0.002
14616	16670	0.002
14616	16671	0.002
14616	16675	0.002
14616	16676	0.002
14616	16679	0.002
14616	16724	0.002
14616	19651	0.002
14616	20287	0.002
14617	14247	0.002
14617	16665	0.002
14617	16666	0.002
14617	16667	0.002
14617	16668	0.002
14617	16670	0.002
14617	16671	0.002
14617	16675	0.002
14617	16676	0.002
14617	16679	0.002
14617	16724	0.002
14617	19651	0.002
14617	20287	0.002
14619	14247	0.002
14619	16665	0.002
14619	16666	0.002
14619	16667	0.002
14619	16668	0.002
14619	16670	0.002
14619	16671	0.002
14619	16675	0.002
14619	16676	0.002
14619	16679	0.002
14619	16724	0.002
14619	19651	0.002
14619	20287	0.002
14627	4339	0.006
14627	7513	0.001
14659	11552	0.11
14661	13239	0.351
14671	3979	0.163
14671	18139	0.181
14685	4383	0.006
14690	13781	0.494
14717	11544	0.011
14718	11544	0.011
14720	14247	0.002
14720	16665	0.002
14720	16666	0.002
14720	16667	0.002
14720	16668	0.002
14720	16670	0.002
14720	16671	0.002
14720	16675	0.002
14720	16676	0.002
14720	16679	0.002
14720	16724	0.002
14720	19651	0.002
14720	20287	0.002
14734	14247	0.002
14734	16665	0.002
14734	16666	0.002
14734	16667	0.002
14734	16668	0.002
14734	16670	0.002
14734	16671	0.002
14734	16675	0.002
14734	16676	0.002
14734	16679	0.002
14734	16724	0.002
14734	19651	0.002
14734	20287	0.002
14735	14247	0.002
14735	16665	0.002
14735	16666	0.002
14735	16667	0.002
14735	16668	0.002
14735	16670	0.002
14735	16671	0.002
14735	16675	0.002
14735	16676	0.002
14735	16679	0.002
14735	16724	0.002
14735	19651	0.002
14735	20287	0.002
14736	14247	0.002
14736	16665	0.002
14736	16666	0.002
14736	16667	0.002
14736	16668	0.002
14736	16670	0.002
14736	16671	0.002
14736	16675	0.002
14736	16676	0.002
14736	16679	0.002
14736	16724	0.002
14736	19651	0.002
14736	20287	0.002
14738	14247	0.002
14738	16665	0.002
14738	16666	0.002
14738	16667	0.002
14738	16668	0.002
14738	16670	0.002
14738	16671	0.002
14738	16675	0.002
14738	16676	0.002
14738	16679	0.002
14738	16724	0.002
14738	19651	0.002
14738	20287	0.002
14739	11544	0.011
14740	11544	0.011
14748	87	0.003
14748	1760	0.003
14748	9178	0.002
14748	12278	0.002
14748	16645	0.019
14779	11406	0.887
14808	7516	0.32
14817	9121	0.002
14817	14870	0.001
14851	12377	0.222
14855	2434	0.293
14869	2164	0.166
14870	1651	0.001
14870	4851	0.001
14870	5739	0.001
14870	6178	0.003
14870	12273	0.001
14870	13819	0.001
14870	14817	0.001
14870	16107	0.001
14870	18340	0.003
14871	1717	0.001
14871	2013	0.002
14871	2956	0.001
14871	5200	0.002
14871	6042	0.027
14871	7331	0.003
14871	7521	0.078
14871	7862	0.004
14871	10007	0.001
14871	11288	0.002
14871	11582	0.006
14871	12254	0.004
14871	13466	0.015
14871	16903	0.002
14871	17904	0.005
14872	4916	0.01
14872	6428	0.01
14872	18153	0.001
14881	104	0.004
14881	449	0.002
14881	2000	0.013
14881	2816	0.001
14881	9876	0.012
14908	190	0.015
14909	2013	0.002
14909	3845	0.654
14909	11582	0.004
14909	16903	0.001
14923	13464	0.001
14923	17897	0.001
14929	13489	0.001
14949	6124	0.048
14987	17671	0.003
15008	674	0.249
15008	1480	0.006
15008	4899	0.001
15008	7151	0.029
15008	17963	0.102
15024	9979	0.001
15032	11831	0.24
15095	4031	0.004
15114	3491	0.009
15114	7111	0.001
15138	409	0.003
15138	3680	0.007
15138	6297	0.004
15138	10029	0.007
15145	674	0.126
15145	1480	0.002
15145	7151	0.016
15145	17963	0.046
15156	2585	0.026
15156	12266	0.014
15180	19760	0.045
15204	250	0.002
15204	16727	0.003
15214	12518	0.076
15214	14142	0.076
15214	16703	0.076
15219	14503	0.001
15226	674	0.353
15226	1480	0.01
15226	4899	0.001
15226	7151	0.057
15226	17963	0.163
15227	18868	0.002
15246	15320	0.049
15257	6395	0.23
15290	16420	0.033
15320	7081	0.5
15320	15246	0.049
15348	14153	0.213
15365	17605	0.165
15369	702	0.001
15369	2462	0.002
15374	11552	0.237
15389	7763	0.654
15438	5425	0.017
15438	13356	0.019
15438	18141	0.016
15458	670	0.002
15458	4523	0.002
15458	4671	0.003
15458	5912	0.002
15458	10449	0.001
15458	11982	0.003
15458	13891	0.002
15536	836	0.001
15554	409	0.002
15554	3680	0.006
15554	6297	0.003
15554	10029	0.005
15582	13464	0.001
15582	17897	0.001
15586	505	0.013
15586	1260	0.002
15586	1570	0.014
15586	5128	0.006
15586	9994	0.012
15586	12549	0.012
15586	18531	0.012
15586	20281	0.011
15594	6967	0.001
15668	9994	0.005
15681	1510	0.2
15698	2958	0.053
15703	8560	0.001
15727	12072	0.492
15751	17204	0.164
15779	11544	0.011
15825	773	0.036
15837	6647	0.191
15846	17043	0.001
15857	8304	0.017
15857	13535	0.008
15857	16563	0.083
15880	20299	0.371
15881	4334	0.008
15881	7652	0.009
15953	11544	0.011
15955	272	0.223
15955	997	0.168
15955	2457	0.221
15955	3028	0.449
16102	8639	0.241
16107	3374	0.001
16107	8465	0.001
16107	9121	0.002
16107	11781	0.001
16107	14870	0.001
16107	18330	0.001
16125	12676	0.123
16157	4985	0.253
16192	5900	0.004
16197	5148	0.017
16211	7653	0.633
16259	2462	0.003
16259	7375	0.001
16276	17767	0.002
16297	18604	0.515
16302	17917	0.326
16302	20488	0.314
16309	1579	0.045
16311	1661	0.21
16319	7744	0.494
16342	3720	0.152
16342	7079	0.107
16351	9038	0.251
16351	17558	0.313
16357	12730	0.056
16361	310	0.008
16361	884	0.008
16361	1432	0.005
16361	4766	0.005
16361	6510	0.005
16361	8173	0.007
16361	11570	0.007
16361	13538	0.005
16371	11670	0.319
16374	16375	0.298
16375	16374	0.298
16401	505	0.071
16401	1198	0.008
16401	1260	0.012
16401	1570	0.02
16401	5128	0.035
16401	6463	0.005
16401	9445	0.001
16401	9994	0.017
16420	9893	0.183
16420	15290	0.033
16421	1773	0.289
16422	1401	0.001
16422	1717	0.003
16422	1875	0.007
16422	2956	0.003
16422	4939	0.003
16422	7331	0.051
16422	7862	0.043
16422	10007	0.009
16422	11582	0.039
16422	12254	0.019
16422	13875	0.002
16422	16903	0.012
16422	17904	0.057
16428	5036	0.013
16439	2462	0.003
16464	792	0.322
16464	3124	0.166
16464	7295	0.629
16482	6180	0.005
16502	12334	0.001
16502	19251	0.001
16502	20476	0.002
16509	2965	0.275
16509	4881	0.658
16522	1280	0.441
16522	13042	0.15
16542	1313	0.143
16544	5930	0.196
16545	674	0.185
16545	1480	0.002
16545	7151	0.02
16545	17963	0.08
16562	3640	0.001
16563	9932	0.085
16563	15857	0.083
16576	41	0.15
16597	13286	0.009
16597	20114	0.008
16610	1116	0.077
16610	3730	0.304
16621	6439	0.068
16621	10767	0.079
16621	17491	0.635
16624	7347	0.356
16628	1372	0.003
16628	3680	0.001
16628	5745	0.004
16628	5789	0.008
16628	6956	0.003
16628	9865	0.001
16628	10029	0.001
16628	18170	0.002
16636	8765	0.08
16645	865	0.017
16645	2176	0.008
16645	2178	0.012
16645	2179	0.011
16645	2180	0.008
16645	4777	0.019
16645	7027	0.016
16645	7226	0.016
16645	8155	0.009
16645	8801	0.01
16645	13641	0.008
16645	14748	0.019
16645	16677	0.013
16647	13327	0.639
16651	3680	0.002
16665	9212	0.002
16665	12288	0.002
16665	12402	0.002
16665	12427	0.002
16665	12615	0.002
16665	12645	0.002
16665	13192	0.002
16665	13252	0.002
16665	13644	0.002
16665	14616	0.002
16665	14617	0.002
16665	14619	0.002
16665	14720	0.002
16665	14734	0.002
16665	14735	0.002
16665	14736	0.002
16665	14738	0.002
16665	16669	0.002
16665	16733	0.002
16665	17263	0.002
16665	19350	0.002
16666	9212	0.002
16666	12288	0.002
16666	12402	0.002
16666	12427	0.002
16666	12615	0.002
16666	12645	0.002
16666	13192	0.002
16666	13252	0.002
16666	13644	0.002
16666	14616	0.002
16666	14617	0.002
16666	14619	0.002
16666	14720	0.002
16666	14734	0.002
16666	14735	0.002
16666	14736	0.002
16666	14738	0.002
16666	16669	0.002
16666	16733	0.002
16666	17263	0.002
16666	19350	0.002
16667	9212	0.002
16667	12288	0.002
16667	12402	0.002
16667	12427	0.002
16667	12615	0.002
16667	12645	0.002
16667	13192	0.002
16667	13252	0.002
16667	13644	0.002
16667	14616	0.002
16667	14617	0.002
16667	14619	0.002
16667	14720	0.002
16667	14734	0.002
16667	14735	0.002
16667	14736	0.002
16667	14738	0.002
16667	16669	0.002
16667	16733	0.002
16667	17263	0.002
16667	19350	0.002
16668	9212	0.002
16668	12288	0.002
16668	12402	0.002
16668	12427	0.002
16668	12615	0.002
16668	12645	0.002
16668	13192	0.002
16668	13252	0.002
16668	13644	0.002
16668	14616	0.002
16668	14617	0.002
16668	14619	0.002
16668	14720	0.002
16668	14734	0.002
16668	14735	0.002
16668	14736	0.002
16668	14738	0.002
16668	16669	0.002
16668	16733	0.002
16668	17263	0.002
16668	19350	0.002
16669	14247	0.002
16669	16665	0.002
16669	16666	0.002
16669	16667	0.002
16669	16668	0.002
16669	16670	0.002
16669	16671	0.002
16669	16675	0.002
16669	16676	0.002
16669	16679	0.002
16669	16724	0.002
16669	19651	0.002
16669	20287	0.002
16670	9212	0.002
16670	12288	0.002
16670	12402	0.002
16670	12427	0.002
16670	12615	0.002
16670	12645	0.002
16670	13192	0.002
16670	13252	0.002
16670	13644	0.002
16670	14616	0.002
16670	14617	0.002
16670	14619	0.002
16670	14720	0.002
16670	14734	0.002
16670	14735	0.002
16670	14736	0.002
16670	14738	0.002
16670	16669	0.002
16670	16733	0.002
16670	17263	0.002
16670	19350	0.002
16671	9212	0.002
16671	12288	0.002
16671	12402	0.002
16671	12427	0.002
16671	12615	0.002
16671	12645	0.002
16671	13192	0.002
16671	13252	0.002
16671	13644	0.002
16671	14616	0.002
16671	14617	0.002
16671	14619	0.002
16671	14720	0.002
16671	14734	0.002
16671	14735	0.002
16671	14736	0.002
16671	14738	0.002
16671	16669	0.002
16671	16733	0.002
16671	17263	0.002
16671	19350	0.002
16675	9212	0.002
16675	12288	0.002
16675	12402	0.002
16675	12427	0.002
16675	12615	0.002
16675	12645	0.002
16675	13192	0.002
16675	13252	0.002
16675	13644	0.002
16675	14616	0.002
16675	14617	0.002
16675	14619	0.002
16675	14720	0.002
16675	14734	0.002
16675	14735	0.002
16675	14736	0.002
16675	14738	0.002
16675	16669	0.002
16675	16733	0.002
16675	17263	0.002
16675	19350	0.002
16676	9212	0.002
16676	12288	0.002
16676	12402	0.002
16676	12427	0.002
16676	12615	0.002
16676	12645	0.002
16676	13192	0.002
16676	13252	0.002
16676	13644	0.002
16676	14616	0.002
16676	14617	0.002
16676	14619	0.002
16676	14720	0.002
16676	14734	0.002
16676	14735	0.002
16676	14736	0.002
16676	14738	0.002
16676	16669	0.002
16676	16733	0.002
16676	17263	0.002
16676	19350	0.002
16677	87	0.002
16677	1062	0.029
16677	1760	0.002
16677	9178	0.001
16677	12278	0.001
16677	16645	0.013
16679	9212	0.002
16679	12288	0.002
16679	12402	0.002
16679	12427	0.002
16679	12615	0.002
16679	12645	0.002
16679	13192	0.002
16679	13252	0.002
16679	13644	0.002
16679	14616	0.002
16679	14617	0.002
16679	14619	0.002
16679	14720	0.002
16679	14734	0.002
16679	14735	0.002
16679	14736	0.002
16679	14738	0.002
16679	16669	0.002
16679	16733	0.002
16679	17263	0.002
16679	19350	0.002
16703	12157	0.168
16703	15214	0.076
16707	19692	0.238
16710	3554	0.166
16719	11742	0.314
16724	9212	0.002
16724	12288	0.002
16724	12402	0.002
16724	12427	0.002
16724	12615	0.002
16724	12645	0.002
16724	13192	0.002
16724	13252	0.002
16724	13644	0.002
16724	14616	0.002
16724	14617	0.002
16724	14619	0.002
16724	14720	0.002
16724	14734	0.002
16724	14735	0.002
16724	14736	0.002
16724	14738	0.002
16724	16669	0.002
16724	16733	0.002
16724	17263	0.002
16724	19350	0.002
16727	8670	0.009
16727	11805	0.006
16727	14205	0.003
16727	15204	0.003
16733	14247	0.002
16733	16665	0.002
16733	16666	0.002
16733	16667	0.002
16733	16668	0.002
16733	16670	0.002
16733	16671	0.002
16733	16675	0.002
16733	16676	0.002
16733	16679	0.002
16733	16724	0.002
16733	19651	0.002
16733	20287	0.002
16738	17151	0.235
16775	11544	0.011
16777	11544	0.011
16792	19760	0.045
16842	5425	0.01
16842	13356	0.009
16842	18141	0.003
16860	5370	0.005
16886	11671	0.124
16895	3680	0.001
16895	6297	0.001
16895	10029	0.001
16895	17340	0.001
16903	493	0.011
16903	1717	0.013
16903	1875	0.006
16903	2013	0.02
16903	2956	0.004
16903	3028	0.604
16903	4670	0.001
16903	4939	0.003
16903	5200	0.024
16903	5950	0.003
16903	7862	0.066
16903	10007	0.011
16903	11288	0.004
16903	11582	0.047
16903	12030	0.001
16903	12254	0.02
16903	12908	0.003
16903	12976	0.006
16903	13875	0.005
16903	14303	0.004
16903	14871	0.002
16903	14909	0.001
16903	16422	0.012
16903	17173	0.006
16911	12519	0.004
16934	2474	0.094
16945	5425	0.02
16945	13356	0.021
16945	18141	0.012
16950	8850	0.474
16953	1372	0.003
16953	5789	0.007
16953	6956	0.003
16953	9865	0.001
16953	18170	0.001
16959	3913	0.291
16964	2833	0.137
16964	9616	0.139
16973	14116	0.035
16973	19946	0.035
16980	858	0.645
17012	14459	0.002
17043	3115	0.002
17043	15846	0.001
17043	20114	0.038
17060	211	0.001
17060	836	0.001
17071	18205	0.259
17075	992	0.184
17098	1717	0.001
17098	1875	0.002
17098	2956	0.001
17098	7862	0.006
17098	10007	0.001
17098	11582	0.004
17098	12254	0.003
17115	14116	0.05
17115	19946	0.049
17151	1835	0.203
17151	2148	0.198
17151	16738	0.235
17163	7704	0.28
17173	1875	0.012
17173	2013	0.002
17173	7331	0.012
17173	13875	0.001
17173	16903	0.006
17173	17904	0.012
17185	5120	0.006
17185	19468	0.004
17193	4339	0.008
17193	7513	0.001
17199	17200	0.158
17200	17199	0.158
17204	15751	0.164
17209	2363	0.001
17209	5605	0.002
17209	7963	0.001
17209	12975	0.001
17209	14456	0.028
17209	17671	0.002
17257	3860	0.541
17261	3933	0.28
17261	17463	0.173
17261	17856	0.195
17263	14247	0.002
17263	16665	0.002
17263	16666	0.002
17263	16667	0.002
17263	16668	0.002
17263	16670	0.002
17263	16671	0.002
17263	16675	0.002
17263	16676	0.002
17263	16679	0.002
17263	16724	0.002
17263	19651	0.002
17263	20287	0.002
17271	7751	0.001
17271	11927	0.003
17271	19952	0.001
17333	3083	0.084
17340	237	0.002
17340	3324	0.002
17340	16895	0.001
17340	18748	0.002
17342	17823	0.001
17398	19047	0.111
17463	17261	0.173
17464	17551	0.157
17486	13866	0.403
17491	8573	0.553
17491	16621	0.635
17529	19086	0.32
17549	5697	0.001
17549	13776	0.008
17551	214	0.252
17551	6078	0.399
17551	6419	0.165
17551	17464	0.157
17558	16351	0.313
17568	6166	0.057
17577	409	0.003
17577	3680	0.005
17577	6297	0.004
17577	10029	0.005
17580	10875	0.001
17592	18939	0.39
17605	5736	0.22
17605	15365	0.165
17613	1871	0.152
17613	2749	0.159
17613	17876	0.15
17623	6040	0.217
17655	5370	0.32
17656	5745	0.005
17667	7938	0.01
17667	12759	0.001
17671	451	0.003
17671	1473	0.004
17671	6135	0.003
17671	6473	0.002
17671	6771	0.002
17671	9847	0.002
17671	13385	0.003
17671	14234	0.004
17671	14987	0.003
17671	17209	0.002
17671	19997	0.002
17693	3680	0.001
17693	6297	0.001
17693	10029	0.001
17707	9487	0.014
17712	3016	0.124
17720	18942	0.029
17726	2271	0.001
17726	2397	0.001
17745	3389	0.258
17747	4485	0.192
17767	14168	0.004
17767	16276	0.002
17767	19048	0.001
17812	8067	0.181
17812	12339	0.181
17823	17342	0.001
17833	7618	0.001
17839	1497	0.013
17839	11217	0.001
17856	17261	0.195
17862	10624	0.001
17866	8465	0.002
17866	9121	0.002
17876	2663	0.172
17876	2749	0.195
17876	17613	0.15
17897	3354	0.222
17897	4522	0.224
17897	14923	0.001
17897	15582	0.001
17904	493	0.003
17904	1875	0.006
17904	2956	0.011
17904	4120	0.002
17904	5057	0.004
17904	5200	0.023
17904	5950	0.009
17904	7862	0.396
17904	10007	0.01
17904	11288	0.011
17904	11582	0.027
17904	12030	0.004
17904	12976	0.004
17904	13875	0.008
17904	14871	0.005
17904	16422	0.057
17904	17173	0.012
17917	16302	0.326
17917	20488	0.383
17933	20026	0.44
17936	18943	0.292
17950	4383	0.006
17963	398	0.009
17963	440	0.076
17963	441	0.079
17963	470	0.071
17963	587	0.362
17963	2199	0.164
17963	3786	0.198
17963	4729	0.01
17963	4787	0.077
17963	4788	0.03
17963	5167	0.164
17963	5210	0.083
17963	6751	0.115
17963	8909	0.02
17963	9068	0.075
17963	10525	0.025
17963	10756	0.061
17963	11380	0.03
17963	11923	0.093
17963	12728	0.056
17963	12821	0.102
17963	13081	0.078
17963	13335	0.026
17963	13850	0.061
17963	13851	0.096
17963	15008	0.102
17963	15145	0.046
17963	15226	0.163
17963	16545	0.08
17963	19550	0.057
17963	19589	0.078
17963	19594	0.074
18077	1977	0.058
18077	9267	0.096
18103	6428	0.014
18114	12513	0.227
18138	18317	0.054
18139	10498	0.181
18139	14671	0.181
18141	2424	0.013
18141	3221	0.012
18141	4411	0.004
18141	4762	0.007
18141	6211	0.011
18141	12172	0.015
18141	15438	0.016
18141	16842	0.003
18141	16945	0.012
18141	18658	0.015
18151	11528	0.001
18153	1270	0.16
18153	6104	0.065
18153	14872	0.001
18153	18372	0.001
18157	7111	0.19
18166	2329	0.025
18170	12181	0.001
18170	14563	0.001
18170	16628	0.002
18170	16953	0.001
18174	13489	0.001
18177	14269	0.12
18184	19760	0.045
18188	5090	0.345
18205	3767	0.581
18205	17071	0.259
18231	4988	0.12
18241	6466	0.261
18241	11550	0.122
18264	9308	0.001
18270	3188	0.008
18274	4048	0.088
18275	914	0.005
18275	1954	0.008
18275	2040	0.005
18275	2153	0.006
18275	18933	0.235
18275	18956	0.006
18277	13933	0.384
18317	18138	0.054
18327	13353	0.275
18330	1651	0.001
18330	6178	0.002
18330	16107	0.001
18330	18340	0.002
18338	19760	0.048
18340	3374	0.002
18340	4211	0.002
18340	8465	0.002
18340	9121	0.002
18340	11781	0.002
18340	14870	0.003
18340	18330	0.002
18347	7744	0.064
18353	7111	0.26
18366	1333	0.001
18367	449	0.002
18372	4916	0.01
18372	18153	0.001
18401	6610	0.356
18401	7717	0.153
18401	9903	0.134
18423	1586	0.002
18423	14076	0.002
18436	1579	0.381
18448	10113	0.065
18448	10834	0.096
18448	19533	0.222
18455	409	0.002
18455	3680	0.004
18455	6297	0.003
18455	10029	0.004
18491	5813	0.54
18500	1514	0.227
18502	598	0.538
18512	1875	0.001
18512	2013	0.001
18512	7862	0.001
18512	11582	0.002
18531	6463	0.005
18531	8101	0.008
18531	11114	0.004
18531	11772	0.009
18531	15586	0.012
18544	12730	0.052
18553	5450	0.18
18562	778	0.028
18562	2156	0.026
18562	11444	0.026
18562	11649	0.028
18564	7547	0.006
18564	12334	0.014
18564	19251	0.016
18564	20476	0.025
18604	16297	0.515
18614	3714	0.158
18656	11611	0.585
18658	5425	0.029
18658	13356	0.027
18658	18141	0.015
18728	5148	0.118
18737	3491	0.026
18737	7111	0.005
18737	8245	0.001
18740	4048	0.183
18742	992	0.102
18748	409	0.004
18748	442	0.001
18748	1330	0.001
18748	1622	0.001
18748	3356	0.003
18748	3680	0.006
18748	5098	0.001
18748	6286	0.001
18748	6297	0.004
18748	10029	0.005
18748	11867	0.001
18748	17340	0.002
18759	7516	0.241
18791	1197	0.669
18803	5801	0.001
18816	831	0.018
18816	1036	0.037
18816	2269	0.009
18816	3567	0.038
18816	3650	0.003
18816	6070	0.007
18816	6685	0.014
18816	7620	0.037
18816	8247	0.019
18816	9189	0.025
18816	11446	0.002
18837	4334	0.004
18837	7652	0.004
18841	3083	0.004
18864	12052	0.166
18868	15227	0.002
18874	4396	0.006
18911	211	0.001
18911	836	0.001
18912	1281	0.581
18915	4805	0.02
18933	4582	0.203
18933	5979	0.208
18933	18275	0.235
18939	17592	0.39
18942	3890	0.033
18942	7938	0.05
18942	8163	0.011
18942	13789	0.013
18942	17720	0.029
18943	6093	0.641
18943	8430	0.269
18943	17936	0.292
18956	4582	0.003
18956	5979	0.002
18956	18275	0.006
18996	11544	0.011
19023	1444	0.001
19024	20384	0.299
19034	681	0.725
19038	8865	0.003
19047	17398	0.111
19048	17767	0.001
19050	13940	0.446
19059	3597	0.062
19086	5565	0.373
19086	8601	0.461
19086	17529	0.32
19110	537	0.311
19110	8895	0.17
19116	9121	0.002
19150	5370	0.014
19157	14534	0.004
19166	2329	0.026
19186	6458	0.254
19186	6972	0.094
19205	8851	0.002
19246	3067	0.2
19251	7598	0.015
19251	11864	0.142
19251	12554	0.017
19251	16502	0.001
19251	18564	0.016
19312	836	0.001
19334	7298	0.002
19339	11434	0.22
19350	14247	0.002
19350	16665	0.002
19350	16666	0.002
19350	16667	0.002
19350	16668	0.002
19350	16670	0.002
19350	16671	0.002
19350	16675	0.002
19350	16676	0.002
19350	16679	0.002
19350	16724	0.002
19350	19651	0.002
19350	20287	0.002
19363	8703	0.064
19367	1585	0.237
19372	3385	0.008
19383	2164	0.296
19410	19760	0.043
19417	3597	0.181
19417	20367	0.15
19418	2164	0.277
19437	6575	0.363
19444	742	0.004
19455	854	0.615
19455	1189	0.613
19456	8823	0.214
19468	17185	0.004
19532	211	0.003
19532	836	0.003
19532	6424	0.001
19533	6152	0.015
19533	9307	0.017
19533	10834	0.079
19533	18448	0.222
19550	674	0.165
19550	1480	0.002
19550	7151	0.017
19550	17963	0.057
19585	7792	0.204
19589	674	0.209
19589	1480	0.003
19589	7151	0.023
19589	17963	0.078
19594	674	0.192
19594	1480	0.004
19594	7151	0.021
19594	17963	0.074
19651	9212	0.002
19651	12288	0.002
19651	12402	0.002
19651	12427	0.002
19651	12615	0.002
19651	12645	0.002
19651	13192	0.002
19651	13252	0.002
19651	13644	0.002
19651	14616	0.002
19651	14617	0.002
19651	14619	0.002
19651	14720	0.002
19651	14734	0.002
19651	14735	0.002
19651	14736	0.002
19651	14738	0.002
19651	16669	0.002
19651	16733	0.002
19651	17263	0.002
19651	19350	0.002
19661	14539	0.004
19673	3188	0.003
19692	5517	0.282
19692	16707	0.238
19705	53	0.544
19733	179	0.056
19733	4520	0.418
19735	3488	0.208
19743	1280	0.441
19743	13042	0.155
19745	6103	0.406
19760	5730	0.793
19760	9104	0.045
19760	12646	0.034
19760	13680	0.785
19760	15180	0.045
19760	16792	0.045
19760	18184	0.045
19760	18338	0.048
19760	19410	0.043
19760	20332	0.785
19760	20646	0.048
19762	11831	0.24
19833	4391	0.576
19845	3488	0.184
19862	5082	0.426
19913	7176	0.513
19946	1817	0.015
19946	5422	0.043
19946	5464	0.072
19946	16973	0.035
19946	17115	0.049
19952	17271	0.001
19997	2363	0.001
19997	5605	0.002
19997	7963	0.001
19997	12975	0.001
19997	17671	0.002
20015	2585	0.095
20015	12266	0.06
20017	4988	0.12
20026	17933	0.44
20028	9247	0.002
20030	413	0.002
20030	1980	0.002
20030	4071	0.001
20030	7518	0.002
20056	11552	0.104
20114	16597	0.008
20114	17043	0.038
20122	3739	0.236
20122	7189	0.286
20128	11544	0.011
20149	11544	0.011
20207	14539	0.001
20281	6463	0.005
20281	8101	0.008
20281	11114	0.003
20281	11772	0.008
20281	15586	0.011
20287	9212	0.002
20287	12288	0.002
20287	12402	0.002
20287	12427	0.002
20287	12615	0.002
20287	12645	0.002
20287	13192	0.002
20287	13252	0.002
20287	13644	0.002
20287	14616	0.002
20287	14617	0.002
20287	14619	0.002
20287	14720	0.002
20287	14734	0.002
20287	14735	0.002
20287	14736	0.002
20287	14738	0.002
20287	16669	0.002
20287	16733	0.002
20287	17263	0.002
20287	19350	0.002
20299	15880	0.371
20332	19760	0.785
20367	3597	0.33
20367	19417	0.15
20376	1116	0.081
20376	3730	0.323
20384	19024	0.299
20387	3554	0.165
20425	2000	0.003
20425	2286	0.001
20425	4671	0.004
20425	5912	0.003
20425	11982	0.004
20433	3083	0.003
20455	12720	0.001
20476	7598	0.024
20476	11864	0.249
20476	12554	0.027
20476	16502	0.002
20476	18564	0.025
20488	16302	0.314
20488	17917	0.383
20549	14539	0.004
20646	19760	0.048
